Serial,WindSpeed(m/s),Pressure(hpa),Temperature(°C),Humidity(%),Sunlight(Lux),Power(mW)
20240209150015,0.89,1020.97,18.38,66.07,7227.67,10.68
20240209151015,0.93,1021,18.14,66.38,6326,8.17
20240209152015,1.32,1021.06,17.89,67.64,4982.67,5.04
20240209153015,1.22,1021.16,17.65,67.97,4904.33,4.98
20240209154015,2.15,1021.23,17.57,67.79,5098.42,5.44
20240209155015,2.12,1021.29,17.48,68.32,4287.5,3.93
20240209160015,1.65,1021.38,17.37,67.7,3602.92,2.78
20240209161015,1.72,1021.44,17.27,68.59,3430.58,2.5
20240209162015,1.32,1021.57,17.18,69.21,2415.83,1.36
20240209163015,1.58,1021.64,17.09,69.79,1938.5,0.9
20240209164015,1.71,1021.73,16.91,69.58,1452,0.52
20240209165015,1.15,1021.78,16.9,69.72,1230.33,0.4
20240210090015,0,1027.54,14.2,90.54,4366.25,3.5
20240210091015,0,1027.63,14.51,90.77,5437.17,5.05
20240210092015,0,1027.76,14.46,89.42,5370.58,5.01
20240210093015,0,1027.76,14.43,88.23,6886.17,8.07
20240210094015,0,1027.75,14.69,89.09,8440.33,12.38
20240210095015,0,1027.75,14.92,88.19,9171.08,15.5
20240210100015,0,1027.74,15.68,86.47,11578.92,22.57
20240210101015,0,1027.68,15.97,83.8,10959.25,20.48
20240210102015,0,1027.67,16.1,82.29,11643.25,23.35
20240210103015,0.05,1027.5,16.04,79.86,11986.33,24.73
20240210104015,0,1027.46,16.07,77.96,11007.67,21.06
20240210105015,0,1027.39,16.25,79.19,10329.25,18.55
20240210110015,0,1027.22,16.58,80.07,10064,17.7
20240210111015,0,1027.15,16.72,78.41,9268.08,15.2
20240210112015,0,1027.07,16.6,75.59,10072.75,18.04
20240210113015,0,1027.01,16.66,75.29,9392.67,16.06
20240210114015,0,1026.93,16.82,74.41,9408.92,16.11
20240210115015,0,1026.85,16.9,74.26,8654.17,13.82
20240210120015,0,1026.75,17.27,73.63,11101.75,23.93
20240210121015,0,1026.6,17.53,73.13,7558.83,11.28
20240210122015,0,1026.52,17.26,69.49,8955,15.86
20240210123015,0,1026.35,17.55,71.39,8642.83,15.14
20240210124015,0,1026.24,17.88,70.88,10143.58,21
20240210125015,0,1026.08,18.13,71.13,10640.25,22.58
20240210130015,0,1025.95,18.4,70.66,10287.33,21.32
20240210131015,0,1025.84,18.57,69.55,10567,22.61
20240210132015,0,1025.76,18.62,68.74,9031.75,17.2
20240210133015,0,1025.7,18.34,68.08,11055.33,25.27
20240210134015,0,1025.72,18.34,69.01,9545.33,19.27
20240210135015,0,1025.66,18.07,70.4,8733.67,16.16
20240210140015,0,1025.61,18.19,68.62,8289.83,13.92
20240210141015,0,1025.63,17.77,68.96,7646.5,11.71
20240210142015,0,1025.59,17.91,69.9,7519.83,11.42
20240210143015,0,1025.52,17.76,70.2,6407.58,8.6
20240210144015,0,1025.52,17.79,72.18,7161.88,10.44
20240210145015,0,1025.54,18.07,71.24,7161.83,10.61
20240210150015,0,1025.52,17.92,69.83,6772.09,9.55
20240210151015,0,1025.58,17.94,69.94,6780.25,9.51
20240210152015,0,1025.62,17.63,66.32,6664.35,9.27
20240210153015,0,1025.63,17.33,69.55,5390.92,6.03
20240210154015,0,1025.64,17.12,69.52,4204.84,3.79
20240210155015,0,1025.66,16.89,71.84,3662.75,2.91
20240210160015,0,1025.71,16.68,70.43,3027.75,2.01
20240210161015,0,1025.84,16.5,72.86,2549.42,1.46
20240210162015,0,1025.97,16.43,74.55,2068.42,1
20240210163015,0,1026.05,16.2,74.74,1398.75,0.48
20240210164015,0,1026.12,16.03,75.83,1300.75,0.41
20240210165015,0,1026.19,15.91,76.77,995.83,0.26
20240211090015,0,1030.39,21.74,49.93,22328.34,76.23
20240211091015,0,1030.44,20.35,51.43,21768.17,76.1
20240211092015,0.02,1030.5,20.06,51.12,21492.17,69.72
20240211093015,0.02,1030.55,20.65,49.58,61662.72,457.12
20240211094015,0.03,1030.53,25.92,38.92,91147.74,1743.4
20240211095015,0.05,1030.55,27.78,33.06,94562.88,1850.9
20240211100015,0.12,1030.49,28.4,31.83,98493.72,1937.51
20240211101015,0.1,1030.48,28.65,30.4,100218.72,1968.61
20240211102015,0.12,1030.39,29.29,28.08,100507.48,1968.05
20240211103015,0.1,1030.42,28.54,29.07,99858.81,1960.95
20240211104015,0.09,1030.28,29.03,28.13,98149.44,1933.11
20240211105015,0.13,1030.2,29.18,27.3,96734.22,1903.12
20240211110015,0.1,1030.12,28.77,27.21,100844.39,2001.78
20240211111015,0.1,1029.94,29.72,27.3,101743.91,2003.32
20240211112015,0.06,1029.84,29.98,26.42,100614.57,1987.45
20240211113015,0.04,1029.7,30.5,25.02,98476.53,1942.47
20240211114015,0.03,1029.56,30.49,24.7,72215.19,1308.31
20240211115015,0.06,1029.43,23.87,33.73,15071,37.11
20240211120015,0.22,1029.23,21.2,39.61,14247.92,33.24
20240211121015,0.08,1029.15,20.66,41.82,13358.67,29.6
20240211122015,0.11,1029.04,20.48,41.26,12438.42,25.95
20240211123015,0.03,1028.92,20.27,41.45,11552,22.83
20240211124015,0.05,1028.74,20.4,40.11,10896.25,20.48
20240211125015,0.1,1028.52,20.16,41.1,10503.92,19.27
20240211130015,0.09,1028.41,19.94,41.11,9964.58,17.38
20240211131015,0.05,1028.3,19.85,41.54,9664.33,16.61
20240211132015,0.08,1028.12,19.86,41.95,9672.75,16.88
20240211133015,0.17,1028.02,19.93,39.71,10028.92,18.27
20240211134015,0.2,1028.04,19.91,41.14,10088.42,19.49
20240211135015,0.11,1027.94,20.02,38.57,12255,29.98
20240211140015,0.12,1027.88,20.31,39.21,10322.42,22.4
20240211141015,0.05,1027.82,19.84,43.42,8822.78,15.03
20240211142015,0.03,1027.77,19.69,41.71,8445.91,14.18
20240211143015,0.06,1027.68,19.99,44.52,9346.08,18.46
20240211144015,0.02,1027.63,20.33,41,10313.17,23.29
20240211145015,0,1027.65,20.89,40.88,12028.75,31.95
20240211150015,0,1027.69,21.15,40.98,13746.58,42
20240211151015,0.02,1027.65,21.3,40.84,14279.75,45.88
20240211152015,0.05,1027.62,21.28,38.97,13974.83,44.1
20240211153015,0,1027.6,21.76,39.28,13332.92,40.21
20240211154015,0.04,1027.54,21.21,40.6,10726.42,25.95
20240211155015,0.03,1027.57,20.78,41.41,9184.42,19.07
20240211160015,0,1027.6,20.6,40.44,8465.75,16.8
20240211161015,0,1027.72,20.76,40.23,7776.25,14.58
20240211162015,0,1027.82,20.62,41.29,6626.5,10.53
20240211163015,0,1027.92,20.36,41.91,5745.92,7.98
20240211164015,0,1028.03,19.87,42.64,4784.17,5.58
20240211165015,0,1028.06,19.65,44.3,3682.17,3.46
20240212090015,0,1030.2,20.85,52.66,18608.58,73.88
20240212091015,0,1030.26,22.1,49.02,18873.42,76.47
20240212092015,0,1030.27,22.69,48.23,20130.17,88.08
20240212093015,0,1030.29,23.26,47.47,24137.58,124.95
20240212094015,0,1030.28,24.67,43.28,29917.07,192.1
20240212095015,0,1030.2,25.36,40.05,31946.17,216.88
20240212100015,0,1030.03,26.74,37.43,34305.66,243.46
20240212101015,0,1029.94,27.49,35.13,38944.7,321.81
20240212102015,0,1029.78,29.58,31.97,73936.21,1169.86
20240212103015,0,1029.59,36.99,24.18,107183.77,2004.75
20240212104015,0,1029.36,39.44,18.05,104014.08,1923.96
20240212105015,0,1029.12,39,18.38,101791.16,1886.72
20240212110015,0,1029.01,36.68,20.62,104799.85,1981.52
20240212111015,0.03,1028.92,38.63,17.33,110989.01,2059.44
20240212112015,0.1,1028.74,34.82,21.48,80846.61,1366.21
20240212113015,0.08,1028.65,30.03,27.64,33128.91,229.33
20240212114015,0.03,1028.47,26.63,32.78,34566.84,256.38
20240212115015,0,1028.3,25.54,34.68,27038.67,154.26
20240212120015,0,1028.26,25.67,34.66,25644.67,141.79
20240212121015,0,1028.15,25.82,34.9,21052.83,97.08
20240212122015,0,1027.93,25.22,35.65,20930.42,96.35
20240212123015,0,1027.68,25.43,37.19,22525,110.79
20240212124015,0,1027.56,26.32,35.01,24130.58,128.46
20240212125015,0,1027.41,26.17,35.67,26564.5,156.62
20240212130015,0,1027.26,26.4,35.8,27020.18,162.06
20240212131015,0,1027.13,26.08,35.59,24198.42,132.02
20240212132015,0,1027,25.9,34.98,19095.58,83.81
20240212133015,0,1026.86,24.85,38.85,14326.58,48
20240212134015,0,1026.81,24.07,42.13,9123.25,19.87
20240212135015,0,1026.79,22.81,45.45,7190,12.43
20240212140015,0,1026.66,21.98,46.79,5394.83,7.12
20240212141015,0,1026.58,21.42,47.71,4095,3.96
20240212142015,0,1026.54,21.04,50.23,3288.75,2.44
20240212143015,0,1026.5,20.6,51.17,2828.17,1.77
20240212144015,0,1026.46,20.61,49.02,2613.17,1.48
20240212145015,0,1026.44,20.57,49.26,2513.33,1.41
20240212150015,0,1026.43,20.41,50.44,2271.25,1.14
20240212151015,0,1026.38,20.37,50.05,2123.75,1.02
20240212152015,0,1026.41,20.19,51.11,1823.58,0.76
20240212153015,0,1026.45,20.18,50,1674.67,0.67
20240212154015,0,1026.5,20.12,50.85,1644.33,0.65
20240212155015,0,1026.55,19.99,51.36,1939.54,0.91
20240212160015,0,1026.62,19.85,52.73,1952.92,0.94
20240212161015,0,1026.69,19.85,52.44,1702.42,0.73
20240212162015,0,1026.76,19.68,54.56,1268.67,0.43
20240212163015,0,1026.83,19.47,54.77,975.42,0.28
20240212164015,0,1026.99,19.37,55.17,780.17,0.2
20240212165015,0,1027.14,19.35,54.83,734.25,0.18
20240213090015,0,1027.02,23.97,46.32,26057.59,146.99
20240213091015,0,1027,23.93,46.07,23669.33,120.06
20240213092015,0,1027.05,23.97,47.42,20929.5,84.15
20240213093015,0,1027.08,23.67,47.79,40985.03,117.22
20240213094015,0,1026.94,29.76,37.24,99944.7,1727.45
20240213095015,0,1026.71,35.4,26.81,102569.39,1896.64
20240213100015,0,1026.54,37.7,23.89,105037.94,1894.06
20240213101015,0,1026.46,38.77,21.48,106915.49,1905.14
20240213102015,0,1026.3,40.26,18.83,108678.05,1917.83
20240213103015,0.02,1026.11,39.33,18.99,108627.92,1931.22
20240213104015,0.08,1025.78,36.56,20.65,108375.09,1987.89
20240213105015,0.05,1025.51,34.63,23.58,108506.45,2018.29
20240213110015,0,1025.37,36.48,20.86,108409.78,1990.05
20240213111015,0.02,1025.1,36.63,20.9,107090.69,1968.45
20240213112015,0,1024.97,36.9,21.12,104796.8,1941.49
20240213113015,0,1024.72,36.87,21.08,102678.46,1916.1
20240213114015,0.1,1024.53,36.34,21.82,96904.02,1824.5
20240213115015,0.05,1024.34,31.14,28.64,17114.91,97.57
20240213120015,0.05,1024.16,26.5,37.32,15183.17,46.14
20240213121015,0.08,1023.96,26.4,35.75,22410.83,108.83
20240213122015,0.1,1023.84,26.64,34.12,26942.42,156.73
20240213123015,0.05,1023.72,27.11,33.07,28597.08,178.38
20240213124015,0.06,1023.52,27.12,34.08,24628.33,134.86
20240213125015,0,1023.31,27.43,34,22511.92,114.15
20240213130015,0.03,1023.17,27.16,34.27,22511.42,115.5
20240213131015,0.02,1023.09,27.26,35.16,24399.67,135.57
20240213132015,0,1023.03,27.79,34.59,26346.08,157.55
20240213133015,0.03,1022.99,27.65,34.9,23829.17,129.48
20240213134015,0,1022.86,27.18,36.26,21205.42,102.93
20240213135015,0,1022.69,27.22,37.15,19170.75,85.23
20240213140015,0,1022.59,27.47,36.06,18738.17,81.46
20240213141015,0,1022.44,26.84,38.75,20964.17,102.04
20240213142015,0.02,1022.38,26.88,38.08,20321,95.79
20240213143015,0,1022.3,26.86,37.82,18129.08,76.69
20240213144015,0,1022.26,26.52,38.72,15694.5,57.71
20240213145015,0,1022.24,26.26,39.29,13403.61,42.48
20240213150015,0,1022.17,25.7,40.65,11920.08,33.62
20240213151015,0.02,1022.09,25.21,41.85,9389.25,20.35
20240213152015,0.03,1022.1,24.98,42.98,10804.17,26.93
20240213153015,0,1022.1,25.05,42.65,9608.92,21.43
20240213154015,0,1022.08,24.44,43.87,7005.75,10.9
20240213155015,0,1022.13,23.55,47.02,5237,5.51
20240213160015,0,1022.15,23.06,47.81,4996.92,4.94
20240213161015,0,1022.15,23,47.08,4895.42,4.86
20240213162015,0,1022.2,22.84,48.76,3909.34,3.08
20240213163015,0,1022.19,22.15,51.6,3093.92,1.76
20240213164015,0,1022.23,21.88,52.59,2905.67,1.52
20240213165015,0,1022.28,21.68,54.08,2872,1.62
20240214090015,0,1023.87,23.28,51.65,13802.5,38.58
20240214091015,0,1023.76,22.52,52.03,10908.08,22.62
20240214092015,0,1023.61,22.63,52.18,11502,22.28
20240214093015,0,1023.61,23.43,51.14,30619.86,58.04
20240214094015,0,1023.58,30.6,37.72,101916.23,1776.72
20240214095015,0,1023.44,36.7,26.4,104696.17,1914.59
20240214100015,0,1023.33,40.08,20.7,106901.12,1900.61
20240214101015,0,1023.16,40.72,19.88,108721.53,1901.62
20240214102015,0,1023.02,40.83,18.3,110054.99,1917.37
20240214103015,0,1022.79,41.9,18.07,109933.16,1913.54
20240214104015,0,1022.6,42.08,17.49,109508.2,1904.98
20240214105015,0,1022.44,43.14,16.54,109156.36,1895.17
20240214110015,0.02,1022.2,41.64,16.52,108564.84,1914.83
20240214111015,0.02,1021.99,39.02,18.69,107293.37,1944.05
20240214112015,0.03,1021.9,37.86,19.73,105974.83,1952.16
20240214113015,0.04,1021.66,37.68,19.8,104126.74,1935.53
20240214114015,0.02,1021.47,37.5,19.68,101667.72,1918.71
20240214115015,0.02,1021.24,34.69,23.45,35995.8,550.17
20240214120015,0.07,1021.04,28.35,34.6,8920.5,15.65
20240214121015,0.06,1020.82,26.21,39.92,8569.5,14.35
20240214122015,0.07,1020.64,25.38,41.44,8281.67,13.4
20240214123015,0.04,1020.45,25.41,43.5,7925.92,12.37
20240214124015,0.02,1020.23,25.11,45.39,7632.42,11.49
20240214125015,0.1,1020.06,24.97,45.79,7335.92,10.71
20240214130015,0.13,1019.81,24.89,46.06,6976.58,9.78
20240214131015,0.03,1019.68,24.84,47.17,6668.33,8.88
20240214132015,0.05,1019.54,24.65,47.76,6336.5,8
20240214133015,0.05,1019.39,24.62,47.69,6074.33,7.44
20240214134015,0.03,1019.3,24.45,48.41,5856.42,6.87
20240214135015,0.09,1019.19,24.42,48.41,5628.33,6.37
20240214140015,0.03,1019.16,24.28,49.58,5466.92,6.03
20240214141015,0,1019.14,24.27,50,5284.25,5.6
20240214142015,0.08,1019.12,24.13,51.65,5125,5.29
20240214143015,0.02,1019.14,24.09,52.94,4980.75,4.95
20240214144015,0.06,1019.11,24.05,53.61,4825.33,4.58
20240214145015,0.03,1019.06,23.96,54.86,4660.25,4.31
20240214150015,0.03,1019.02,23.8,56.38,4532.75,3.99
20240214151015,0.11,1019.02,23.71,57.45,4399.33,3.72
20240214152015,0.04,1019.04,23.59,58.79,4255.17,3.48
20240214153015,0.1,1019.09,23.56,58.96,4133.83,3.22
20240214154015,0.05,1019.03,23.44,59.96,4012.42,3.02
20240214155015,0.03,1019.08,23.25,60.46,3909.83,2.82
20240214160015,0.1,1019.13,23.3,60.51,3787.92,2.7
20240214161015,0.03,1019.12,23.24,60.71,3649.17,2.49
20240214162015,0,1019.16,23.16,61.31,3476.67,2.2
20240214163015,0.04,1019.21,23.06,61.92,3297.5,2.02
20240214164015,0.03,1019.24,22.9,62.62,3070.75,1.73
20240214165015,0,1019.28,22.58,63.96,2754.75,1.37
20240216090015,0,1023.22,19.55,91.29,5855.67,7.87
20240216091015,0,1023.22,20.06,91.03,6652.58,10.42
20240216092015,0,1023.21,20.56,89.87,8703.25,17.38
20240216093015,0,1023.28,20.89,89.48,8542.08,16.49
20240216094015,0,1023.27,20.98,87.37,9166,18.86
20240216095015,0,1023.29,21.16,88.85,8763.15,17.83
20240216100015,0,1023.3,21.06,87.98,9360.83,19.73
20240216101015,0,1023.26,21.39,86.94,11714.75,31.28
20240216102015,0,1023.17,21.7,86.36,11235.75,29.48
20240216103015,0,1023.16,21.37,86.66,10963.67,29.98
20240216104015,0,1023.17,21.29,87.02,11703.17,30.69
20240216105015,0,1023.12,21.29,85.3,13498.25,41.32
20240216110015,0,1023.01,21.21,81.53,15454,53.23
20240216111015,0.02,1022.86,21.51,82.4,16258.17,59.15
20240216112015,0,1022.77,22.03,83.36,17502,71.47
20240216113015,0,1022.71,22.66,82.33,19228.08,90.78
20240216114015,0,1022.58,22.32,83.94,14974.33,58.3
20240216115015,0,1022.41,22.49,82.62,18683.33,87.13
20240216120015,0,1022.25,23.17,80.28,17199.5,66.63
20240216121015,0,1022.11,23.46,78.25,17905.08,72.27
20240216122015,0,1021.96,23.19,76.56,14314,47.42
20240216123015,0,1021.84,22.98,76.11,16717.33,62.96
20240216124015,0,1021.68,23.37,73.47,17509.17,69.24
20240216125015,0,1021.59,23.13,72.78,15446.83,54.39
20240216130015,0,1021.5,23.38,73.68,15846.75,57.04
20240216131015,0,1021.38,23.74,73.58,15993.08,57.82
20240216132015,0,1021.24,24.03,72.32,16038.42,58.64
20240216133015,0,1021.02,24.82,70.96,20456.08,94.76
20240216134015,0,1020.88,24.78,67.46,17590.75,71.09
20240216135015,0,1020.82,24.46,69.05,13182.75,41.14
20240216140015,0,1020.72,24.16,68.91,14794,51.29
20240216141015,0,1020.69,24.33,69.91,12399.67,36.67
20240216142015,0,1020.69,22.66,70.73,8057.33,15.61
20240216143015,0.02,1020.66,21.91,73.13,7963.83,14.79
20240216144015,0.03,1020.62,21.38,72.91,8550.08,16.91
20240216145015,0.03,1020.57,21.4,73.88,9045.5,19.4
20240216150015,0,1020.57,21.53,73.22,8709.67,17.68
20240216151015,0.02,1020.54,21.18,72.64,8477.58,16.51
20240216152015,0.02,1020.53,21.19,73.49,7151,11.88
20240216153015,0.06,1020.5,20.91,72.97,6058.8,8.73
20240216154015,0.02,1020.47,20.73,72.46,5783.75,7.88
20240216155015,0.02,1020.5,20.68,72.45,5193.75,6.46
20240216160015,0.08,1020.56,20.38,73.28,3693.83,3.38
20240216161015,0.03,1020.63,20.27,74.07,3062.67,2.35
20240216162015,0.07,1020.7,20.24,73.68,2710.25,1.83
20240216163015,0,1020.74,20.05,75.32,2053.58,1.13
20240216164015,0.03,1020.86,19.94,76,1575.92,0.69
20240216165015,0.03,1021.02,19.85,76.46,1208.33,0.43
20240217090015,0,1021.06,24.72,70.48,22056.92,104.6
20240217091015,0,1021.02,24.37,70.38,16111.08,57.04
20240217092015,0,1020.93,24.1,70.2,16617.25,49.78
20240217093015,0,1020.84,24.49,68.4,25319.17,92.65
20240217094015,0,1020.83,26.61,62.65,66036.82,303.95
20240217095015,0,1020.77,28.16,56.25,45555.22,504.13
20240217100015,0,1020.72,28.03,57.34,40592.49,485.06
20240217101015,0,1020.74,26.77,58.63,14578.08,51.4
20240217102015,0,1020.63,25.75,62.81,16199.33,62.94
20240217103015,0,1020.57,25.91,63.77,20214.75,101.45
20240217104015,0,1020.46,27.66,58.22,43073.54,515.09
20240217105015,0,1020.34,29.5,53.75,75810.65,1339.38
20240217110015,0,1019.98,39.15,33.52,117758.2,2162.29
20240217111015,0.02,1019.69,38.01,32.63,96637.91,1633.92
20240217112015,0,1019.44,33.45,41.47,70009.66,1019.43
20240217113015,0,1019.3,36.89,34.67,109707.3,2012.74
20240217114015,0,1019.14,36.19,35.13,64443.99,1035.74
20240217115015,0.03,1018.91,34.58,38.28,95221,1750.03
20240217120015,0,1018.74,31.71,42.46,20850.4,107.79
20240217121015,0,1018.6,27.04,54.42,18771.58,82.95
20240217122015,0,1018.44,25.98,58.85,19390,89.46
20240217123015,0,1018.4,26.14,58.73,18008.75,76.92
20240217124015,0,1018.26,27.13,56.5,23563.67,132.05
20240217125015,0,1018.11,26.89,56.06,18704.17,86.85
20240217130015,0.02,1018.07,25.65,59.91,15058.5,52.7
20240217131015,0.02,1017.95,25.73,59.72,18937.75,84.62
20240217132015,0,1017.84,25.76,60.1,17865.92,75.83
20240217133015,0,1017.68,26.06,60.16,15139.5,52.64
20240217134015,0.02,1017.55,25.74,60.81,16690.25,64.34
20240217135015,0.02,1017.38,25.89,60.04,16165.67,61.38
20240217140015,0,1017.23,26.02,60.66,15989.08,61.24
20240217141015,0,1017.22,26.31,59.72,16288.83,63.13
20240217142015,0,1017.21,25.84,61.91,15820,59.34
20240217143015,0,1017.1,25.75,63.63,15876.75,58.96
20240217144015,0,1017.05,25.61,64.38,17487,70.54
20240217145015,0,1017.05,25.5,63.67,10852.41,27.55
20240217150015,0,1017.05,24.96,64.88,9898.75,22.87
20240217151015,0,1017.05,24.41,68.02,6869.5,11.4
20240217152015,0,1017.08,23.98,69.26,6669.5,10.54
20240217153015,0,1017.07,23.96,69.74,7153.5,12.36
20240217154015,0,1017.11,23.98,69.6,6184.67,9.36
20240217155015,0,1017.18,23.83,69.98,6180.75,9.33
20240217160015,0,1017.19,23.88,69.89,6714.08,11.07
20240217161015,0,1017.26,23.79,70.63,5185.5,6.8
20240217162015,0,1017.3,23.79,70.87,6108.83,9.31
20240217163015,0,1017.38,23.8,70.73,4462.25,5.18
20240217164015,0,1017.49,23.59,73.02,4517.42,5.33
20240217165015,0,1017.54,23.63,72.54,3873.17,4.19
20240219090015,0,1018.99,34.91,40.71,41321.81,396.16
20240219091015,0,1018.91,36.34,37.51,42778.98,431.32
20240219092015,0,1018.93,35.75,37.48,35253.46,287.14
20240219093015,0,1018.82,34.59,40.52,29146.08,192.61
20240219094015,0,1018.72,35.35,38.97,59164.34,750.25
20240219095015,0,1018.74,40.03,31.19,89427.95,1452.48
20240219100015,0,1018.66,43.04,26.49,92756.68,1522.57
20240219101015,0,1018.55,39.75,29.77,37747.32,326.01
20240219102015,0,1018.47,36.81,35.18,77303.68,1237.66
20240219103015,0,1018.34,39.54,29.82,89803.68,1542.89
20240219104015,0,1018.19,37.77,32.34,66608.36,935.52
20240219105015,0.03,1018.04,37.17,34.65,70003.33,1064.41
20240219110015,0,1017.89,35.48,38.56,47406.15,527.08
20240219111015,0.03,1017.78,32.83,45.27,42545.33,416.16
20240219112015,0.08,1017.7,32.13,45.79,34169.36,261.57
20240219113015,0.02,1017.6,31.97,48.08,35566.59,279.11
20240219114015,0.02,1017.54,31.9,48.69,32631,235.06
20240219115015,0,1017.41,30.91,52.4,34881.66,270.05
20240219120015,0,1017.35,31.85,49.96,34921.08,271.81
20240219121015,0.02,1017.26,31.09,50.82,27489.67,170.76
20240219122015,0,1017.17,30.66,51.74,27803.5,174.7
20240219123015,0,1017.04,30.49,52.86,25793.83,151.7
20240219124015,0.04,1016.98,30.56,51.74,24089.33,132.87
20240219125015,0,1016.83,30.73,53.04,27932.67,179.56
20240219130015,0,1016.68,30.15,55.87,25983.43,158.2
20240219131015,0.02,1016.68,30.62,56.62,25848.42,157.31
20240219132015,0,1016.56,30.92,55.88,24977.58,145.35
20240219133015,0,1016.43,30.51,56.11,20324,99.37
20240219134015,0.02,1016.38,29.36,58.66,12971.83,40.73
20240219135015,0,1016.37,28.79,60.13,11796,33.06
20240219140015,0,1016.36,28.5,60.6,11117.75,29.84
20240219141015,0,1016.3,28.57,61.04,13345.42,42.04
20240219142015,0,1016.22,28.69,61.06,12966.42,40.52
20240219143015,0,1016.18,28.27,63.18,8924.17,19.77
20240219144015,0.02,1016.06,27.39,67.26,6524.5,9.74
20240219145015,0,1016.02,27.3,68.38,7366.67,12
20240219150015,0,1016.06,27.3,69.32,7905.75,13.68
20240219151015,0,1016,27.2,70.47,6451.67,9.04
20240219152015,0,1015.98,27.35,70.46,9002.33,18.77
20240219153015,0,1016.01,27.78,69.8,10270.83,25.29
20240219154015,0,1016.01,28.33,68.93,11108,31.08
20240219155015,0,1016.02,27.45,72.56,8460.84,17.87
20240219160015,0,1015.98,27.08,73.04,6345.17,9.92
20240219161015,0,1015.93,26.77,75.47,6530.5,10.32
20240219162015,0,1016.09,26.54,77.01,5897.58,8.51
20240219163015,0.05,1016.12,26.58,77.34,6722,11.42
20240219164015,0,1016.14,26.46,77.76,4371.58,5.03
20240219165015,0,1016.14,26.35,78.74,4414.75,5.49
20240220090015,0,1018.61,28.2,58.33,11935.17,28.25
20240220091015,0,1018.53,27.91,59.83,11005.92,28.36
20240220092015,0,1018.53,28.69,61.04,14372.08,41.3
20240220093015,0,1018.53,27.92,61.54,14292.5,41.77
20240220094015,0,1018.53,28.71,59.39,35059.19,126.12
20240220095015,0,1018.45,32.17,50.22,60924.96,632.89
20240220100015,0,1018.43,34.08,43.49,68296.45,971.26
20240220101015,0,1018.4,37.62,36.39,104281.28,1859.8
20240220102015,0.4,1018.29,35.43,41.46,74446.86,1077.51
20240220103015,0.12,1018.21,34.48,45.83,85191.28,1339.8
20240220104015,0.53,1018.16,36.88,42.08,110653.36,1959.79
20240220105015,0.76,1018.06,37.2,42.33,114182.24,2013.22
20240220110015,0.93,1017.94,36.57,43.95,105792.63,1850.67
20240220111015,0.66,1017.89,37.08,43.32,109636.32,1967.72
20240220112015,1.68,1017.71,36.2,45.08,110835.01,2004.84
20240220113015,0.8,1017.64,37.44,42.34,107326.8,1945.09
20240220114015,0.98,1017.52,36.99,43.17,103531.26,1908.54
20240220115015,1.24,1017.38,36.65,44.26,100812.59,1884.02
20240220120015,1.22,1017.22,36.1,45.08,50207.42,824.8
20240220121015,1.39,1016.97,30.7,60.66,9054.33,19.77
20240220122015,1.68,1016.84,29.55,64.55,9073.42,19.69
20240220123015,1.41,1016.74,29.24,65.99,9901.42,22.42
20240220124015,1.94,1016.59,28.62,68.41,7829.58,14.14
20240220125015,1.59,1016.36,28.29,69.56,7263.58,12.1
20240220130015,1.97,1016.16,28.08,70.31,6840.08,10.79
20240220131015,1.18,1016.04,27.93,71.69,6702.33,10.45
20240220132015,1.58,1016.04,27.86,72.13,6941.59,11.09
20240220133015,1.41,1015.97,27.92,71.8,8471.08,16.77
20240220134015,1.34,1015.84,27.96,71.95,7677.5,14.02
20240220135015,1.12,1015.74,27.69,73.73,7180.25,12.04
20240220140015,1.11,1015.58,27.52,74.38,6427.42,9.06
20240220141015,1.27,1015.44,27.47,74.63,7278.83,13.03
20240220142015,1.59,1015.39,27.47,74,6406.5,9.6
20240220143015,1.33,1015.33,27.3,74.74,5994.17,8.24
20240220144015,1.31,1015.19,27.36,74.95,6627.75,10.4
20240220145015,1.28,1015.09,27.24,75.07,5600.17,7.29
20240220150015,0.83,1015.16,27.37,73.24,6533.75,10.52
20240220151015,0.69,1015.16,27.1,73.95,5227.83,6.18
20240220152015,0.61,1015.15,26.81,75.08,5044.92,5.51
20240220153015,0.9,1015.08,26.64,75.86,5186.83,5.64
20240220154015,0.56,1015.11,26.81,76.28,7524.75,13.47
20240220155015,0.27,1015.2,27.02,75.1,6672.42,10.35
20240220160015,1.04,1015.26,27.12,74.8,8901.75,18.65
20240220161015,0.85,1015.35,27.15,74.33,8956.5,19.61
20240220162015,1.05,1015.45,27.08,74.19,6895.83,11.78
20240220163015,0.89,1015.49,26.52,76.55,5406.33,6.99
20240220164015,0.58,1015.53,26.54,76.73,5954.17,8.92
20240220165015,0.79,1015.57,26.45,76.82,4242.75,4.79
20240221090015,0,1019.5,27.02,60.15,12560,30.28
20240221091015,0,1019.46,27.3,58.45,8466.83,16
20240221092015,0,1019.36,27.52,57.35,11230.17,17.24
20240221093015,0,1019.36,28.42,53.52,25571.72,61.93
20240221094015,0,1019.31,31.06,46.42,38560.8,109.45
20240221095015,0,1019.25,37.03,36.8,110538.53,1801.24
20240221100015,0,1019.04,41.84,29.12,112676.45,1934.73
20240221101015,0.27,1018.79,39.85,28.27,113486.48,1971.62
20240221102015,0.13,1018.61,37.81,31.69,114106.23,2008.48
20240221103015,0.13,1018.53,38.18,32.84,113707.5,2006.13
20240221104015,0.2,1018.25,37.37,35.19,113203.84,2016.19
20240221105015,0.06,1018.08,37.39,36.09,113044.45,2014.55
20240221110015,0.16,1017.84,37.47,35.82,112017.72,2008.32
20240221111015,0.18,1017.62,37,37.6,110208.63,2004.64
20240221112015,0.24,1017.36,36.44,39.44,108925.3,1993.4
20240221113015,0.1,1017.17,37.28,37.76,106925.73,1961.76
20240221114015,0.1,1016.94,37.2,38.32,103835.65,1934.88
20240221115015,0.19,1016.75,36.9,39.48,100988.32,1901.83
20240221120015,0.36,1016.51,35.87,42.37,66755.48,1188.9
20240221121015,0.13,1016.35,30.86,55.68,8081.08,14.83
20240221122015,0.39,1016.27,29.06,62.32,7880,13.96
20240221123015,0.16,1015.99,28.53,65.01,7899.33,14.09
20240221124015,0.54,1015.85,28.16,67.21,8106.33,14.81
20240221125015,0.92,1015.65,27.98,69.18,7923.67,14.26
20240221130015,1.23,1015.48,28.12,68.44,8580.67,16.83
20240221131015,1.53,1015.25,28.12,68.08,8899.75,19.14
20240221132015,1.64,1015.11,28.36,67.38,9720,22.82
20240221133015,1.55,1014.96,27.91,69.31,8507.08,16.78
20240221134015,1.5,1014.82,27.67,69.75,6977.84,11.02
20240221135015,1.58,1014.72,27.56,70.28,6644.25,9.99
20240221140015,1.59,1014.63,27.48,70.45,6932,11.24
20240221141015,1.82,1014.59,27.23,71.31,6633.17,10.12
20240221142015,1.31,1014.47,27.07,72.07,6888.42,10.78
20240221143015,1.39,1014.5,26.95,73.31,6606.25,9.93
20240221144015,2.66,1014.46,26.89,73.02,6981.58,11.02
20240221145015,3.92,1014.49,27.03,72.42,7833.25,14.36
20240221150015,3.77,1014.47,27.3,71.82,7927.17,15.26
20240221151015,3.42,1014.51,27.33,71.23,7709,14.22
20240221152015,3.26,1014.6,27.41,71.07,9494.92,22.05
20240221153015,3.74,1014.56,27.38,70.78,9147.92,19.77
20240221154015,3.59,1014.58,27.26,71.37,9312.58,20.36
20240221155015,3.11,1014.69,27.26,71.68,8990.58,19.16
20240221160015,2.71,1014.71,27.1,72.58,7679.83,13.94
20240221161015,3.5,1014.75,26.79,73.72,6758.58,10.59
20240221162015,2.93,1014.83,26.63,74.59,5605.67,7.37
20240221163015,2.41,1014.9,26.41,75.69,4557.17,5.01
20240221164015,2.89,1014.97,26.2,76.9,3222.25,2.58
20240221165015,2.94,1015.02,25.98,77.92,2313.92,1.43
20240222090015,0.93,1020.07,30,49.21,18086.58,60.16
20240222091015,0.8,1020.11,28.99,51.73,17578.42,65.82
20240222092015,1.51,1020.21,28.72,55.45,21856.17,100.9
20240222093015,2.45,1020.23,29.06,60.8,43248.68,267.8
20240222094015,0.98,1020.16,31.64,52.22,48481.01,343.27
20240222095015,1.52,1020.17,36.09,41.4,79447.1,1320.55
20240222100015,1.87,1020.17,35.54,43.52,59867.64,969.29
20240222101015,2.74,1020.11,31.89,50.84,41549.61,502
20240222102015,1.66,1020.07,34.76,46.44,92794.49,1620.28
20240222103015,1.87,1020.01,38.51,37.62,93768.85,1676.72
20240222104015,2.83,1019.98,39.08,34.31,115910.47,2063.24
20240222105015,2.65,1019.9,38.47,35.15,111511.54,1972.99
20240222110015,2.12,1019.91,40.1,31.45,112560.2,1988.89
20240222111015,3.09,1019.82,39.02,32.7,109443.88,1971.24
20240222112015,2.41,1019.71,38.8,32.9,107920.3,1944.5
20240222113015,3.29,1019.58,38.3,33.34,105981.66,1702.26
20240222114015,2.35,1019.53,40.08,29.7,104329.61,1891.75
20240222115015,2.49,1019.47,40.39,30.08,99867.25,1858.63
20240222120015,2.43,1019.4,39.41,33.22,68159.51,1074.48
20240222121015,3.12,1019.28,34.4,42.93,34570.46,279.12
20240222122015,2.06,1019.16,33.46,44.68,27576.83,178.88
20240222123015,2.02,1019.05,32.14,48.7,20990,104.4
20240222124015,1.34,1018.91,31.47,48.84,23680.17,131.13
20240222125015,2.95,1018.75,31.62,49.03,27873.08,182.59
20240222130015,1.72,1018.64,32.21,48.36,29859.25,210
20240222131015,2.34,1018.49,32.01,49.41,30286.08,216.63
20240222132015,1.23,1018.38,32.69,48.75,28600.25,193.92
20240222133015,2.13,1018.3,32.5,49.07,27376.17,177.54
20240222134015,1.28,1018.26,32,50.43,24137.67,136.32
20240222135015,0.99,1018.26,31.18,53.59,18582.75,83.1
20240222140015,0.87,1018.29,30.32,56.33,16330.75,63.28
20240222141015,0.91,1018.27,29.99,57.12,15350.5,55.34
20240222142015,0.63,1018.22,29.08,59.75,9313.58,20.41
20240222143015,0.45,1018.16,28.23,62.35,8590.33,17.06
20240222144015,0.55,1018.14,27.38,65.02,6431.58,9.89
20240222145015,1.31,1018.19,27.01,66.29,5196.25,6.46
20240222150015,3.24,1018.41,24.95,75.44,3208.67,2.33
20240222151015,3.01,1018.44,23.53,84.23,3153.42,2.3
20240222152015,3.62,1018.52,22.34,90.3,5413.92,7.25
20240222153015,3.04,1018.51,22.48,92.03,7047.25,17.05
20240222154015,3.18,1018.58,22.26,92.21,4473.83,7.11
20240222155015,2.64,1018.71,21.84,92.64,1653.58,1.15
20240222160015,2.63,1018.79,21.56,93.63,2568.42,1.71
20240222161015,2.72,1018.9,21.33,94.23,2074,1.05
20240222162015,2.65,1018.88,21.18,94.73,1812.67,0.9
20240222163015,2.79,1018.98,21.13,95.2,1411.75,0.55
20240222164015,2.79,1019.14,20.96,95.28,1680.75,0.74
20240222165015,2.9,1019.25,20.79,95.32,1150.67,0.4
20240224090015,0,1024.3,22.48,73.42,10179.08,25.45
20240224091015,0.64,1024.29,23.03,69.33,14501.17,50.03
20240224092015,1.07,1024.29,23.04,68.3,15746,58.78
20240224093015,0.67,1024.27,23.1,68.81,16040.75,61.44
20240224094015,0.86,1024.25,23.69,66.23,22962.33,130.75
20240224095015,1.51,1024.14,25.9,58.78,41581.08,444.83
20240224100015,1.18,1023.99,27.03,54.55,33680.93,278.68
20240224101015,1.46,1023.91,27.48,53.37,36874.08,332.62
20240224102015,1.33,1023.78,26.69,54.77,34232.08,283.4
20240224103015,1.32,1023.75,28.23,50.32,46487.26,578.39
20240224104015,1.01,1023.65,27.41,51.86,24703.41,165.4
20240224105015,1.13,1023.5,24.98,59.06,16497.92,69.51
20240224110015,1.36,1023.4,24.22,61.62,17671.5,77.84
20240224111015,0.89,1023.25,24.15,61.56,17373.5,75.38
20240224112015,0.64,1023.09,24.38,61.53,20733.42,104.74
20240224113015,0.54,1022.98,24.51,60.56,21214.08,108.75
20240224114015,0.67,1022.91,24.85,59.68,22040.83,115.19
20240224115015,0.47,1022.83,24.83,59.77,20913.58,107.01
20240224120015,0.51,1022.72,25.29,58.47,25200,154.68
20240224121015,0.96,1022.58,25.57,57.3,30022.25,220.35
20240224122015,0.84,1022.36,25.89,56.57,21212.02,124.76
20240224123015,0.94,1022.23,24.95,59.42,22980.83,129.53
20240224124015,1.11,1022.11,24.99,59.87,24452.17,147.01
20240224125015,1.06,1022,25.14,58.81,19427.08,93.89
20240224130015,1.5,1021.86,23.97,62.15,19040.08,89.55
20240224131015,0.92,1021.74,23.69,63.4,16135.83,65.67
20240224132015,0.73,1021.63,24.27,61.66,15430.58,59.6
20240224133015,0.52,1021.54,24.41,61.74,12915.83,42.69
20240224134015,0.85,1021.52,23.78,62.93,14576.42,52.44
20240224135015,0.73,1021.45,23.9,63.07,18482.38,83.67
20240224140015,0.32,1021.46,23.94,62.7,17357.83,72.23
20240224141015,0.07,1021.46,24.27,62.04,15305.75,55.42
20240224142015,0.1,1021.49,24.34,61.61,12020.17,34.86
20240224143015,0.05,1021.58,23.48,64.17,6783.5,12.22
20240224144015,0.18,1021.62,22.12,69.26,3527.25,3.19
20240224145015,0.44,1021.5,21.04,74.21,5049.67,6.22
20240224150015,0.4,1021.41,21.1,74.69,5621.67,7.78
20240224151015,0.27,1021.38,20.99,75.69,5932.17,8.49
20240224152015,0.2,1021.39,21.08,75.36,5454.25,7.5
20240224153015,0.32,1021.38,21.37,73.81,5518.61,7.63
20240224154015,0.3,1021.42,21.22,74.6,5673.67,7.81
20240224155015,0.25,1021.48,21,75.32,3643.83,3.4
20240224160015,0.33,1021.51,21.03,75.07,3559,3.17
20240224161015,0.39,1021.56,20.64,77.82,2170.83,1.27
20240224162015,0,1021.62,20.64,79,1821.58,0.92
20240224163015,0,1021.65,20.27,83.56,1367.42,0.56
20240224164015,0.03,1021.75,19.67,87.95,1333.66,0.56
20240224165015,0,1021.81,19.44,90.15,1679.42,0.88
20240225090015,0.3,1024.55,17.41,90.16,4639.31,5.2
20240225091015,0.3,1024.56,17.48,88.75,5057.92,6.08
20240225092015,0.35,1024.52,17.57,88.77,5181,6.26
20240225093015,0.46,1024.59,17.49,88.52,4946,5.68
20240225094015,0.36,1024.59,17.44,88.32,5193.08,6.22
20240225095015,0.46,1024.54,17.53,87.39,6300.08,9.04
20240225100015,0.34,1024.52,17.53,86.95,6042.67,8.28
20240225101015,0.42,1024.46,17.54,86.64,6101.67,8.48
20240225102015,0.31,1024.28,17.51,87.26,6720.42,10.25
20240225103015,0.38,1024.2,17.51,87.32,6647.83,9.9
20240225104015,0.33,1024.07,17.66,87.05,6908.17,10.74
20240225105015,0.36,1024.03,17.53,87.4,6348.5,9.1
20240225110015,0.41,1023.94,17.38,87.64,8252.41,15.66
20240225111015,0.41,1023.79,17.44,88.61,8704.17,17.83
20240225112015,0.3,1023.63,17.63,87.65,9653.92,21.44
20240225113015,0.36,1023.47,17.8,86.04,8432.42,16.51
20240225114015,0.31,1023.37,18.03,84.89,8312.83,15.9
20240225115015,0.36,1023.18,18.21,84.41,9320.5,20.72
20240225120015,0.31,1023.06,18.7,81.7,10932.67,27.79
20240225121015,0.4,1022.99,18.8,80.69,10316,25.14
20240225122015,0.27,1022.9,19.1,79.74,11822,32.68
20240225123015,0.36,1022.88,18.86,79.65,10152.92,24
20240225124015,0.36,1022.82,18.91,79.31,11385.75,29.8
20240225125015,0.17,1022.68,19.12,78.69,11670.83,31.58
20240225130015,0.2,1022.49,19.58,77.49,14126,46.88
20240225131015,0.25,1022.39,19.96,75.72,13163.17,41.49
20240225132015,0.26,1022.36,18.7,82.78,12472.17,37.88
20240225133015,0.37,1022.19,18.69,81.84,12998.17,40.65
20240225134015,0.3,1022.01,19.41,79.16,14504.83,48.38
20240225135015,0.37,1021.96,19.25,79.25,9576.85,21.34
20240225140015,0.29,1021.86,18.91,79.82,8770.67,17.64
20240225141015,0.36,1021.89,18.57,80.98,7190.83,11.68
20240225142015,0.36,1021.9,18.12,82.91,5191.5,6.18
20240225143015,0.42,1021.88,18,83.19,4341.83,4.26
20240225144015,0.49,1021.94,17.79,84.23,4291.58,4.15
20240225145015,0.45,1021.94,17.52,84.95,4145.08,3.94
20240225150015,0.36,1021.81,17.58,85.4,4264.67,4.21
20240225151015,0.36,1021.87,17.72,84.09,3627.67,3.11
20240225152015,0.32,1021.93,17.37,85.26,3588.42,3.05
20240225153015,0.38,1021.92,17.36,85.31,3481.42,3.02
20240225154015,0.31,1021.91,17.22,86.73,3325.75,2.78
20240225155015,0.48,1021.88,17.14,87.05,3490.67,2.98
20240225160015,0.49,1021.94,17.3,84.62,2911.42,2.15
20240225161015,0.4,1022.07,17.42,83.41,3067.33,2.34
20240225162015,0.38,1022.21,17.5,82.06,3238.67,2.68
20240225163015,0.38,1022.34,17.46,82.02,2574.17,1.74
20240225164015,0.42,1022.34,17.31,82.73,1667.87,0.77
20240225165015,0.41,1022.45,17.12,82.9,1291.58,0.47
20240226090015,0.1,1025.91,16.31,86.86,6805.42,11.74
20240226091015,0.08,1025.91,17.07,83.47,9429.08,23.76
20240226092015,0.08,1025.83,18.48,79.63,10865.5,28.38
20240226093015,0.18,1025.78,18.55,77.1,11404.08,32.41
20240226094015,0.3,1025.75,18.65,75.38,15349.45,55.47
20240226095015,0.29,1025.65,18.91,73.44,18222.08,74.27
20240226100015,0.34,1025.59,19.11,72.88,16862.75,65.95
20240226101015,0.14,1025.48,19.5,70.65,18056.42,74.5
20240226102015,0.18,1025.46,20.46,68.42,20405.17,102.59
20240226103015,0.18,1025.46,19.78,70.37,14149.33,47.4
20240226104015,0.24,1025.31,19.58,70.29,15867.83,60.17
20240226105015,0.22,1025.13,19.99,68.81,16735.14,68.69
20240226110015,0.14,1025.05,20.46,67.83,19059.52,84.03
20240226111015,0.1,1024.97,20.58,68.22,17467.25,69.6
20240226112015,0.16,1024.8,19.79,69.63,10822.17,27.29
20240226113015,0.22,1024.68,18.66,73.72,7970.67,14.77
20240226114015,0.24,1024.58,18.21,75.5,7565.83,12.91
20240226115015,0.19,1024.42,18.19,75.8,8081.42,14.96
20240226120015,0.24,1024.16,18.43,75.24,10853.5,26.26
20240226121015,0.04,1024.02,18.54,74.62,6845.5,10.91
20240226122015,0.03,1023.81,18.24,76.47,6129.83,8.6
20240226123015,0.03,1023.65,18.38,75.28,7669.67,12.85
20240226124015,0,1023.49,18.37,76.89,6115.83,8.53
20240226125015,0,1023.31,18.52,79.15,9026.92,18.42
20240226130015,0,1023.07,19.61,75.43,11318.67,29.52
20240226131015,0.02,1022.84,20.25,71.15,12326.67,35.4
20240226132015,0,1022.78,20.25,70.45,10921.42,27.73
20240226133015,0,1022.84,19.94,71.62,9773.08,22.41
20240226134015,0.02,1022.82,19.3,72.69,9026.85,18.97
20240226135015,0.09,1022.79,19.12,74.82,8161.58,15.22
20240226140015,0.05,1022.68,18.94,75.63,7778.42,14.1
20240226141015,0.08,1022.69,18.72,75.64,7638.5,13.55
20240226142015,0.02,1022.55,18.84,75.87,7949.5,14.62
20240226143015,0.04,1022.52,18.66,77.73,6902,11.43
20240226144015,0.03,1022.46,18.04,81.78,5303.58,6.81
20240226145015,0.03,1022.46,17.13,86.71,5194.58,6.61
20240226150015,0,1022.46,16.71,89.17,4847.92,6.07
20240226151015,0.04,1022.47,16.44,91.22,5464.08,6.12
20240226152015,0,1022.46,16.45,92.94,5656.33,5.32
20240226153015,0,1022.44,16.52,93,5878.75,5.78
20240226154015,0,1022.33,16.59,92.73,6333.52,6.52
20240226155015,0,1022.27,16.54,92.57,5067.08,4.42
20240226160015,0.06,1022.29,16.2,92.77,3172.33,2.74
20240226161015,0.02,1022.2,15.99,92.63,3422.31,3.07
20240226162015,0,1022.21,16.06,93.41,2293.67,1.44
20240226163015,0,1022.38,16.04,94.23,1690.5,0.84
20240226164015,0,1022.47,15.99,94.9,1322.17,0.56
20240226165015,0,1022.54,15.98,95.2,1032.5,0.34
20240228100015,0.75,1021.5,34.23,39.05,98719.41,1823.52
20240228101015,1.95,1021.33,32.85,39.59,103179.07,1914.6
20240228102015,1.59,1021.19,33.24,39.4,103263.16,1911.32
20240228103015,1.45,1021.06,33.98,36.71,104812.07,1909.35
20240228104015,1.72,1020.93,34.35,35.2,104811.35,1899.12
20240228105015,1.86,1020.75,33.46,36.47,101502.41,1863.16
20240228110015,2.16,1020.57,34.59,33.91,105851.92,1939.31
20240228111015,1.72,1020.26,34.79,34.11,104668.32,1927.17
20240228112015,2.41,1020,34.12,33.62,102461.22,1908.89
20240228113015,2.35,1019.76,33.65,34.95,100224.47,1890.44
20240228114015,2.61,1019.55,34.16,34.16,98255.46,1856.18
20240228115015,2.02,1019.4,33.66,36.28,89358.23,1644.52
20240228120015,1.98,1019.21,33.66,36.1,76801.08,1353.94
20240228121015,2.93,1019.03,31.18,40.94,69635.03,1317.83
20240228122015,1.75,1018.76,30.61,43.19,21120.82,152.49
20240228123015,2.32,1018.61,25.96,55.55,14501.75,40.24
20240228124015,0.98,1018.41,25.71,58.37,15336.33,47.03
20240228125015,2.22,1018.3,25.29,59.09,15028.58,45.21
20240228130015,1.52,1018.13,26.06,58.23,18291.5,71.32
20240228131015,1.85,1017.87,26.59,56.51,22726.75,117.07
20240228132015,2.33,1017.71,26.87,55.28,24305.17,136.87
20240228133015,1.43,1017.56,27.24,54.37,24337,139.1
20240228134015,2.82,1017.33,26.78,55.41,26047.5,162.15
20240228135015,1.86,1017.1,26.65,56.55,23586.33,132.32
20240228140015,1.36,1016.92,26.55,57.18,18693.17,81.54
20240228141015,1.4,1016.85,25.7,59.71,16976.25,66.5
20240228142015,1.53,1016.75,25.67,59.69,16485.34,63.15
20240228143015,1.45,1016.68,25.68,59.97,17369.92,70.9
20240228144015,1.38,1016.52,26.02,58.49,14735.33,52.1
20240228145015,0.99,1016.47,25.75,59.26,12941.92,40.55
20240228150015,0.98,1016.36,25.44,60.67,12556.42,37.74
20240228151015,0.99,1016.4,25.12,61.78,9431.42,21.57
20240228152015,1.33,1016.44,24.73,63.28,8939.5,19.09
20240228153015,0.76,1016.56,24.56,64.1,7394.83,13.24
20240228154015,0.92,1016.53,24.06,65.95,5169.67,6.63
20240228155015,1.05,1016.68,23.54,67.8,3887.16,3.82
20240228160015,0.7,1016.68,23.26,69.31,3396.33,2.95
20240228161015,0.6,1016.85,23.11,70.08,1900.17,1.04
20240228162015,0.38,1016.93,22.93,71.62,1264.84,0.45
20240228163015,0.33,1017.16,22.65,75.28,916.5,0.26
20240228164015,0.08,1017.33,22.05,80.17,837.42,0.22
20240228165015,0.03,1017.39,21.38,84.34,938.92,0.22
20240229090015,0,1019.2,25.58,76.57,17409.67,45.86
20240229091015,0,1019.18,26.08,77.14,19060,54.98
20240229092015,0,1019.12,26.97,74.05,21884.72,71.59
20240229093015,0,1018.99,27.6,68.56,27706.58,114.33
20240229094015,0,1018.78,27.91,64.86,30137.08,163.19
20240229095015,0,1018.7,29.41,63.53,33150.91,232.27
20240229100015,0.15,1018.56,30.95,55.6,33709.66,244.76
20240229101015,0.24,1018.46,27.97,65.22,25523.75,144.18
20240229102015,0,1018.4,26.43,75.46,24649.17,128.86
20240229103015,0,1018.1,28.65,68.89,31416.91,215.24
20240229104015,0.07,1017.92,31.29,56.18,43612.11,404.11
20240229105015,0.24,1017.78,33.3,49.76,58749.19,757.32
20240229110015,0.09,1017.53,34.93,45.48,62339.52,813.16
20240229111015,0.17,1017.27,35.04,44.24,62409.97,836.45
20240229112015,0.32,1017.1,38.72,37.31,113989.07,2012.91
20240229113015,0.41,1016.83,37.65,36.66,97531.14,1642.49
20240229114015,0.33,1016.71,32.87,45.81,33702.51,244.74
20240229115015,0.27,1016.59,29.97,53.38,32302.86,228.71
20240229120015,0.34,1016.46,29.35,56.09,31300.92,223.5
20240229121015,0.25,1016.29,30.93,51.52,39222.52,348.8
20240229122015,0.46,1016.21,30.67,51,35701.58,290.55
20240229123015,0.48,1016.14,28.99,55.3,27495.17,171.92
20240229124015,0.57,1015.93,28.72,57.19,29726.58,202.17
20240229125015,0.32,1015.72,29.12,56.36,28200.58,182.8
20240229130015,0.32,1015.57,29.02,55.54,26278.25,158.48
20240229131015,0.36,1015.5,29.34,54.95,27081.75,166.5
20240229132015,0.16,1015.37,30.44,51.74,28691.58,187.74
20240229133015,0.14,1015.36,30.4,51.75,24482.84,137.26
20240229134015,0.39,1015.32,30.62,51.14,24580.75,140.81
20240229135015,0.32,1015.27,29.1,55.36,20487.08,98.53
20240229140015,0.18,1015.3,28.11,58.97,13798,44.34
20240229141015,0.31,1015.31,26.35,64.55,8699,17.78
20240229142015,0,1015.29,25.42,68.42,6599.92,9.83
20240229143015,0.14,1015.33,24.97,71.24,7205.08,11.41
20240229144015,0.07,1015.36,24.76,73.44,8223.33,14.69
20240229145015,0.25,1015.45,24.85,73.3,7790.33,13.28
20240229150015,0.23,1015.46,24.94,73.13,11839.35,30.53
20240229151015,0.13,1015.41,25.8,69.24,14812.58,48.98
20240229152015,0.29,1015.43,26.69,65.83,14676.31,49.97
20240229153015,0.11,1015.44,26.12,68.34,7398.08,13.3
20240229154015,0.37,1015.57,24.86,74.53,4269.25,4.42
20240229155015,0.21,1015.59,24.16,77.26,4307.42,4.38
20240229160015,0.16,1015.72,23.95,77.56,2524.5,1.59
20240229161015,0.21,1015.71,23.7,77.32,1992,0.99
20240229162015,0.31,1015.75,23.6,78.71,1652.92,0.66
20240229163015,0.28,1015.73,23.45,80.02,1540.25,0.64
20240229164015,0.12,1015.85,23.15,82.3,825.25,0.22
20240229165015,0.36,1015.87,22.92,85.27,649.06,0.15
20240301090015,0,1022.83,16.61,89.41,4571.66,5.52
20240301091015,0,1022.79,16.73,91.33,8220.83,19.03
20240301092015,0,1022.82,17.29,88.33,10471.67,26.66
20240301093015,0.02,1022.82,17.14,88.48,7630.58,14.22
20240301094015,0,1022.87,16.99,90.4,7324,12.72
20240301095015,0.02,1022.8,16.68,90.9,7159.5,12.12
20240301100015,0,1022.68,16.94,91.99,7038.83,13.39
20240301101015,0,1022.61,17.5,90.54,7732,15.36
20240301102015,0.02,1022.6,17.06,88.91,7329.25,14.55
20240301103015,0,1022.51,16.92,89.81,9514.44,22.99
20240301104015,0,1022.38,17.19,89.39,10283.83,23.36
20240301105015,0,1022.25,17.45,90.46,11218.42,25.29
20240301110015,0,1022.19,17.68,88.02,15185.75,45.29
20240301111015,0,1022.07,18.69,86.68,14405.75,47.65
20240301112015,0,1021.91,18.95,85.39,10845.16,28.65
20240301113015,0,1021.85,18.88,84.32,13361.17,41.39
20240301114015,0,1021.77,19.42,82.76,14795.92,49.65
20240301115015,0,1021.58,20.13,79.58,16228.17,60.29
20240301120015,0,1021.4,20.65,76.95,17701.75,72.28
20240301121015,0,1021.3,20.74,74.44,16729.42,63.21
20240301122015,0,1021.2,21.35,73.69,17602.5,71.15
20240301123015,0,1021.13,21.56,71.39,16025.67,59.05
20240301124015,0,1020.97,21.52,71.47,16195.33,60.58
20240301125015,0.03,1020.78,21.62,69.91,16835.92,64.42
20240301130015,0.03,1020.58,21.46,68.27,15430.08,54.94
20240301131015,0.03,1020.46,21.63,68.57,14840.74,51.08
20240301132015,0,1020.39,21.65,67.88,14676.78,49.2
20240301133015,0,1020.24,21.34,68.85,14237.08,46.46
20240301134015,0,1020.07,21.84,66.46,13873.69,44.37
20240301135015,0,1019.86,21.8,66.13,14594.75,48.55
20240301140015,0,1019.95,21.93,66.98,12807.31,37.6
20240301141015,0.02,1019.83,21.13,66.4,9740.33,22.15
20240301142015,0.05,1019.73,20.16,68.93,8886.17,18.33
20240301143015,0,1019.61,20.48,69.59,9624.08,20.92
20240301144015,0,1019.56,20.58,69.72,9396.08,20.82
20240301145015,0,1019.7,20.57,69.93,7848.42,14.74
20240301150015,0,1019.68,19.77,70.84,3278.92,2.7
20240301151015,0,1019.73,18.76,74.74,3543.75,3.17
20240301152015,0,1019.75,18.27,74.72,3020.75,2.25
20240301153015,0,1019.7,17.18,81.92,3112.5,2.48
20240301154015,0,1019.69,16.93,86.94,2993.75,2.25
20240301155015,0.11,1019.75,16.57,85.47,2636.33,1.82
20240301160015,0.06,1019.81,16.49,87.25,2375.83,1.45
20240301161015,0.12,1019.92,16.42,85.02,1779.17,0.85
20240301162015,0.07,1020.09,16.32,87.64,1439.42,0.61
20240301163015,0.37,1020.2,16.05,87.47,1311.48,0.57
20240301164015,0.35,1020.31,16.21,84.88,974.42,0.28
20240301165015,0.34,1020.33,16.5,81.55,742.08,0.16
20240302090015,0,1023.74,18.83,99.56,17434.17,72
20240302091015,0,1023.62,20.27,99.32,27684.42,178.72
20240302092015,0,1023.76,21.3,96.06,22074.64,114.15
20240302093015,0,1023.67,19.06,90.98,15430.65,52.92
20240302094015,0,1023.71,17.95,89.89,19399.05,87.9
20240302095015,0,1023.79,17.83,91.54,21776.58,110.93
20240302100015,0,1023.59,17.31,93.82,22671.5,123.62
20240302101015,0,1023.48,18.62,90.27,30010.17,206.34
20240302102015,0,1023.48,20.4,83.48,32863.16,281
20240302103015,0,1023.66,20.55,83.72,24680.83,148.6
20240302104015,0,1023.54,19.53,80.84,16333.08,59.82
20240302105015,0.02,1023.36,19.09,80.89,25063.08,144.79
20240302110015,0,1023.27,19.38,80.88,27001.39,174.71
20240302111015,0,1023.4,18.78,80.49,15724.83,60.3
20240302112015,0,1023.15,18.33,83.53,18570.58,79.86
20240302113015,0,1022.9,19.9,79.88,22577.42,125.74
20240302114015,0,1022.79,19.3,80.8,17524.33,79.55
20240302115015,0,1022.31,21.39,77.07,34717.39,309.77
20240302120015,0,1022.18,21.38,74.55,19570.08,94.84
20240302121015,0.02,1022.29,19.71,78.6,8460.09,16.74
20240302122015,0,1022.23,18.37,80.3,10444.75,28.01
20240302123015,0,1022.04,18.88,83.06,14391.25,46.04
20240302124015,0,1021.9,18.24,86.42,14362.08,46.76
20240302125015,0,1021.63,17.26,89.8,8703.5,17.12
20240302130015,0,1021.37,17.39,91.97,11767.5,31.4
20240302131015,0,1021.16,17.31,90.65,8478.92,17.68
20240302132015,0,1021.06,17.69,89.36,12427.83,36.12
20240302133015,0,1020.89,17.61,85.2,10158.59,23.5
20240302134015,0,1020.7,17.98,87.93,13475.25,42.07
20240302135015,0,1020.42,18.97,83.29,16486.75,63.02
20240302140015,0,1020.29,18.94,82.65,12651.5,36.38
20240302141015,0,1020.2,19.11,79.54,12954.42,37.64
20240302142015,0,1020.11,18.83,80.86,11555.25,30.77
20240302143015,0,1019.99,18.68,80.25,12935.83,44.53
20240302144015,0,1019.96,18.58,81.88,11110.58,29.4
20240302145015,0,1019.89,17.81,84.8,9794.17,23.83
20240302150015,0,1019.85,17.84,85.32,10085.58,24.81
20240302151015,0,1019.8,17.64,85.5,7018.08,11.6
20240302152015,0,1019.86,17.37,85.91,5358.25,6.79
20240302153015,0,1019.91,16.89,87.78,4328.84,4.39
20240302154015,0,1019.74,16.5,88.77,3904.58,3.6
20240302155015,0,1019.66,16.45,90.71,4758.75,5.56
20240302160015,0,1019.68,16.32,90.64,2851.58,2.26
20240302161015,0,1019.7,15.9,91.77,2300.42,1.44
20240302162015,0,1019.89,15.78,93.04,1743,0.85
20240302163015,0,1020,15.78,93.24,1867.5,1.03
20240302164015,0,1020,15.84,93.6,1843.75,0.9
20240302165015,0,1020.12,15.72,94.07,1144.38,0.4
20240303120015,0,1020.02,32.47,39.09,57087.88,798.17
20240303121015,0.89,1019.85,26.96,49.91,45069.49,475.26
20240303122015,1.6,1019.68,28.28,46.94,52619.66,674.91
20240303123015,1.08,1019.46,25.66,54.06,32867.83,255.24
20240303124015,1.01,1019.19,25.42,53.99,29850.5,208.78
20240303125015,1.08,1018.91,25.03,56.61,28804.81,193.6
20240303130015,0,1018.76,25.58,54.78,31437.78,232.3
20240303131015,0.31,1018.61,24.99,55.45,28736.33,194.59
20240303132015,0.22,1018.42,24.36,57.24,26360.37,163.67
20240303133015,0.08,1018.25,24.73,56.5,25195.42,149.99
20240303134015,0.05,1018.15,24.31,56.99,22514.5,120.04
20240303135015,0.17,1018.08,24.29,57.35,24068.58,137.23
20240303140015,0.31,1018.05,24.16,58.19,23511.39,131.19
20240303141015,0.19,1017.95,24.15,58.02,23216.67,128.13
20240303142015,0.24,1017.87,24.17,58.06,21477,109.93
20240303143015,0.22,1017.79,23.57,60.14,19489.92,90.89
20240303144015,0.12,1017.72,23.35,61.3,14122.83,48.52
20240303145015,0.1,1017.72,22.95,62.57,14599.25,52.2
20240303150015,0.1,1017.73,22.93,62.82,12595.75,38.7
20240303151015,0.22,1017.73,21.59,68.26,6953.08,12.43
20240303152015,0.09,1017.74,21.15,68.52,6509.67,11.08
20240303153015,0.11,1017.63,21.47,67.5,6668.92,11.9
20240303154015,0.14,1017.58,21.57,67.18,8429.42,18.02
20240303155015,0.26,1017.52,21.73,67.12,9330.25,20.99
20240303160015,0.12,1017.46,21.38,68.49,7582.33,13.49
20240303161015,0.07,1017.48,21.38,69,8368.08,17.1
20240303162015,0.1,1017.66,21.67,68.19,8438.92,18.67
20240303163015,0,1017.71,21.51,68.66,6685.58,12.52
20240303164015,0,1017.74,21.54,68.12,5857.42,9.68
20240303165015,0.06,1017.85,21.3,69.9,5567.78,9.37
20240304090015,0,1017.51,26.42,54.14,31250.3,170.22
20240304091015,0,1017.41,26.88,51.72,19277.83,56.92
20240304092015,0,1017.37,26.51,51.83,41507.89,95.76
20240304093015,0.08,1017.34,29.18,43.38,52660.65,548.06
20240304094015,0,1017.19,32.35,37.53,85440.11,1212.16
20240304095015,0.03,1017.13,36.76,29.41,94594.69,1774.9
20240304100015,0.23,1016.93,36.27,28.93,96563.7,1799.7
20240304101015,0.23,1016.7,35.96,30.17,97132.06,1814.03
20240304102015,0.11,1016.63,37.37,27.89,98705.21,1818.52
20240304103015,0.15,1016.45,35.58,30.56,99264.94,1829.11
20240304104015,0.1,1016.26,35.14,31.92,98579.43,1838.42
20240304105015,0.13,1016.21,35.66,31.86,97799.95,1826.94
20240304110015,0.09,1016.12,36.22,31.12,96806.1,1807.58
20240304111015,0.04,1015.77,35.74,31.89,95923.48,1805.28
20240304112015,0.04,1015.52,36.82,30.35,95327.61,1790.42
20240304113015,0.04,1015.22,37.09,30.01,93647.55,1764.87
20240304114015,0.11,1015.03,36.05,31.67,91567.13,1739.38
20240304115015,0.27,1014.68,34.65,34.31,89024.91,1710.25
20240304120015,0.12,1014.48,34.87,34.59,86424.48,1655.85
20240304121015,0.16,1014.26,35.34,34.41,83469.88,1586.29
20240304122015,0.34,1014.03,34.85,34.89,78583.63,1485.91
20240304123015,0.12,1013.8,32.31,40.73,18179.14,106.81
20240304124015,0.09,1013.53,28.32,52.85,12885.67,26.89
20240304125015,0.23,1013.3,26.9,55.52,12265.92,24.49
20240304130015,0.29,1013.18,26.08,59.42,11625.5,22.2
20240304131015,0.3,1013.05,26.06,60.44,10928.08,19.86
20240304132015,0.38,1012.84,25.86,60.53,10231.83,17.57
20240304133015,0.34,1012.67,25.5,61.49,9633.33,15.71
20240304134015,0.37,1012.55,25.46,61.76,9186.75,14.4
20240304135015,0.4,1012.39,25.55,62.87,8711.76,12.95
20240304140015,0.38,1012.34,25.52,62.44,8294.5,11.81
20240304141015,0.47,1012.18,25.18,63.9,7918.75,10.91
20240304142015,0.33,1012.08,25.01,65.74,7636.17,10.17
20240304143015,0.33,1012.08,25.07,66.07,7197.83,9.04
20240304144015,0.33,1012.04,24.99,65.78,6810.67,8.25
20240304145015,0.38,1012.02,24.84,64.88,6510.25,7.56
20240304150015,0.26,1012.02,24.95,64.28,6277,7.15
20240304151015,0.19,1012,24.96,62.51,6024.17,6.44
20240304152015,0.13,1012.02,24.92,62.18,5949.75,6.38
20240304153015,0.36,1012.03,25.06,57.8,5809.83,6.07
20240304154015,0.3,1012.12,25.04,58.19,5417.25,5.25
20240304155015,0.24,1012.2,24.89,56.25,5067.26,4.52
20240304160015,0.19,1012.25,24.78,58.27,4794.33,4.11
20240304161015,0.16,1012.3,24.62,58.6,4534.42,3.69
20240304162015,0.11,1012.26,24.56,57.96,4256.3,3.18
20240304163015,0.25,1012.3,24.55,58.69,4352.25,3.83
20240304164015,0.23,1012.45,24.6,62.96,4064.17,3.58
20240304165015,0.1,1012.57,24.33,68.21,3627.42,3.11
20240305090015,0,1010.78,30.66,50.34,35055.61,208.09
20240305091015,0,1010.61,31.59,46.58,22304.5,67.51
20240305092015,0.02,1010.44,30.29,50,44578.09,238.66
20240305093015,0,1010.48,33.56,42.85,53556,569.71
20240305094015,0.02,1010.28,36.97,35.05,92720.75,1307.72
20240305095015,0.03,1010.05,41.63,27.41,98348.72,1767.87
20240305100015,0.1,1009.85,42.95,24.58,100679.98,1770.24
20240305101015,0.14,1009.64,41.16,26.14,101189.21,1788.63
20240305102015,0,1009.53,43.52,24.34,105028.59,1813.66
20240305103015,0,1009.37,45.25,22.46,107237.13,1810.36
20240305104015,0.1,1009.28,45.7,21.09,94752.28,1607.78
20240305105015,0.18,1009.07,41.01,28.16,64519.32,1100.59
20240305110015,0.06,1008.94,38.28,32.85,49603.35,885.19
20240305111015,0.09,1008.72,37.92,34.28,64978.97,1159.98
20240305112015,0.09,1008.51,35.27,40.17,31827.59,397.23
20240305113015,0.11,1008.35,34.57,41.45,35029.81,371.11
20240305114015,0.03,1008.2,34.82,41.95,30957.41,469.34
20240305115015,0.05,1008.05,32.4,47.47,18877,77.92
20240305120015,0.1,1007.9,31.08,51.63,17881.17,72.87
20240305121015,0.11,1007.71,30.25,57.02,15320,52.72
20240305122015,0.13,1007.51,30.18,58.42,16192.58,58.43
20240305123015,0.16,1007.35,29.38,61.96,12217.17,33.79
20240305124015,0.12,1007.15,28.97,64.06,12280.19,34.84
20240305125015,0,1007.04,29.9,61.16,13676.58,43.99
20240305130015,0,1006.74,29.93,59.01,13788.83,44.18
20240305131015,0.1,1006.58,30.16,58.76,15854.58,55.48
20240305132015,0,1006.39,29.72,59.66,9880.08,22
20240305133015,0.03,1006.36,29.37,59.89,11672.75,31.57
20240305134015,0.02,1006,29.53,57.62,13991.58,43.85
20240305135015,0.04,1005.84,29.23,57.63,13155.75,38.62
20240305140015,0.09,1005.65,29.26,58.1,11695.75,30.98
20240305141015,0.25,1005.5,28.67,59.7,11145.33,28.44
20240305142015,0.07,1005.29,28.27,62.8,8891.83,18.25
20240305143015,0.03,1005.23,27.69,68.69,7510,13.61
20240305144015,0.03,1005.09,27.86,69.27,9727,22.29
20240305145015,0.11,1004.87,27.84,67.04,9726.33,21.67
20240305150015,0.11,1004.84,27.82,66.11,9998.92,22.25
20240305151015,0.12,1004.81,27.61,66.24,8377,16.3
20240305152015,0.13,1004.79,27.5,66.73,8319.08,16.28
20240305153015,0.13,1004.79,27.55,66.7,8700.65,17.73
20240305154015,0.12,1004.89,27.52,67.17,8693.08,17.1
20240305155015,0.08,1004.84,27.41,67.82,7132.67,11.6
20240305160015,0.14,1004.86,27.25,69.35,5940.33,8.08
20240305161015,0.33,1004.9,26.84,72.18,5184.75,6.48
20240305162015,0.33,1004.94,26.45,71.1,4951.33,5.85
20240305163015,0.28,1004.9,26.18,73.78,3936.5,3.53
20240305164015,0.16,1005.03,25.95,74.51,2994.83,2.09
20240305165015,0.05,1005.01,25.72,75.81,2258.15,1.19
20240306090015,0.44,1012.89,20.74,94.62,3909.92,3.62
20240306091015,0.28,1013,20.87,93.27,4147.33,4.06
20240306092015,0.32,1013.08,20.99,92.58,4736.58,5.39
20240306093015,0.46,1013.12,20.81,91.4,4759,5.2
20240306094015,0.28,1013.22,20.73,91.47,4397,4.35
20240306095015,0.34,1013.36,20.52,90.6,3888.66,3.28
20240306100015,0.39,1013.56,20.44,90.55,3650.25,2.86
20240306101015,0.52,1013.59,20.26,91.01,3812.75,3.14
20240306102015,0.27,1013.59,20.13,90.86,4364.72,4.21
20240306103015,0.38,1013.53,20.24,90.55,5668.75,7.18
20240306104015,0.36,1013.59,20.04,90.56,5520.25,6.84
20240306105015,0.29,1013.61,19.87,89.64,5213.58,5.9
20240306110015,0.39,1013.61,19.9,89.56,4628.92,4.58
20240306111015,0.28,1013.62,19.51,90.44,5226.42,5.9
20240306112015,0.37,1013.51,19.33,90.8,5184.58,5.83
20240306113015,0.31,1013.48,19.33,90.42,5619,6.88
20240306114015,0.43,1013.41,19.27,89.86,6230.75,8.55
20240306115015,0.41,1013.32,19,91.29,7090.17,11.17
20240306120015,0.25,1013.25,18.92,92.72,7845,13.76
20240306121015,0.39,1013.16,18.98,92.55,7933.25,14.87
20240306122015,0.38,1013.04,18.8,93.16,6074.92,8.54
20240306123015,0.41,1012.89,18.79,93.25,8431.17,16.19
20240306124015,0.3,1012.84,18.71,93.59,8303.08,15.8
20240306125015,0.25,1012.8,18.76,91.94,7296.5,12.15
20240306130015,0.34,1012.59,18.76,92.17,6948.5,11.65
20240306131015,0.31,1012.52,18.73,92.03,5490,6.75
20240306132015,0.46,1012.41,18.5,93.32,6348.75,9.14
20240306133015,0.4,1012.33,18.45,92.46,6848.08,10.76
20240306134015,0.23,1012.3,18.55,91.47,6492.75,9.56
20240306135015,0.28,1012.15,18.74,89.75,6257.67,9.01
20240306140015,0.36,1012.02,19.1,87.84,6219.42,8.91
20240306141015,0.28,1011.96,19.31,86.74,5747.66,7.61
20240306142015,0.25,1011.94,19.41,85.78,5517.83,7.04
20240306143015,0.18,1011.96,19.25,86,5049.83,5.92
20240306144015,0.31,1011.93,19.36,84.99,5248,6.37
20240306145015,0.51,1011.91,19.33,85.01,5355.25,6.69
20240306150015,0.36,1011.92,19.33,85.24,5071.83,6.07
20240306151015,0.15,1012,18.99,87.59,4314.92,4.25
20240306152015,0.23,1012.15,18.86,88.22,3845.42,3.53
20240306153015,0.17,1012.29,18.67,89.9,3344.75,2.73
20240306154015,0.08,1012.4,18.58,90.06,3242.58,2.6
20240306155015,0.14,1012.55,18.51,91.25,2532.33,1.64
20240306160015,0.03,1012.71,18.27,93.14,2046.11,1.15
20240306161015,0.06,1012.85,18.09,94.87,1868.25,0.94
20240306162015,0.08,1012.9,17.85,95.19,1852.33,0.92
20240306163015,0.03,1013.1,17.84,96.13,1365.92,0.57
20240306164015,0.03,1013.21,17.71,95.96,1232.83,0.48
20240306165015,0.06,1013.26,17.55,96.99,1011.5,0.36
20240307090015,0,1019.61,18.81,84.27,6258.52,9.36
20240307091015,0,1019.59,19.41,83.16,7293.16,12
20240307092015,0,1019.66,19.95,81.08,7312.58,11.92
20240307093015,0,1019.32,19.82,79.54,5537.58,7.74
20240307094015,0,1019.37,19.14,80.74,2999,2.13
20240307095015,0,1019.56,18.65,83.14,2793.83,1.73
20240307100015,0.02,1019.55,18.41,80.92,2741.83,1.62
20240307101015,0,1019.56,18.37,82.22,3170,2.26
20240307102015,0.07,1019.47,18.64,79.53,6202.58,8.87
20240307103015,0.06,1019.36,19,75.9,6415.08,9.62
20240307104015,0.15,1019.36,18.92,75.73,4320.25,4.07
20240307105015,0.22,1019.3,18.62,76.25,3763,2.97
20240307110015,0.21,1019.16,18.54,77.38,3904.66,3.19
20240307111015,0.14,1019.18,18.26,79.44,3952.08,3.24
20240307112015,0.17,1018.99,18.11,81.07,6095.58,7.82
20240307113015,0.2,1018.68,18.69,78.87,8998.17,18.68
20240307114015,0.03,1018.57,19.03,79.15,6451.02,10.19
20240307115015,0,1018.48,19.12,80.36,4764.75,5.1
20240307120015,0,1018.38,18.94,80.83,3476.17,2.65
20240307121015,0,1018.56,18.8,82.2,3834.25,3.2
20240307122015,0,1018.3,18.99,85.17,7811.91,13.93
20240307123015,0,1018.06,19.41,85.58,9982,24.65
20240307124015,0,1017.82,18.73,85.19,6546.33,10.07
20240307125015,0,1017.74,18.87,87.66,4904.42,6.5
20240307130015,0,1017.66,18.46,86.38,3040.58,2.17
20240307131015,0,1017.41,18.47,84.49,5188.33,6.1
20240307132015,0.03,1017.31,18.61,82.43,4093.08,3.93
20240307133015,0.18,1017.24,18.92,80.38,6095,8.74
20240307134015,0.1,1017.21,19.07,79.12,5069.83,5.92
20240307135015,0.18,1017.04,18.98,78.65,5339.58,6.48
20240307140015,0.26,1017.02,18.69,80.11,3612.17,2.91
20240307141015,0.23,1016.97,18.52,79.55,3479.5,2.73
20240307142015,0.12,1016.89,18.49,79.67,2307.5,1.23
20240307143015,0.32,1016.69,18.48,79.87,3146.92,2.43
20240307144015,0.18,1016.71,18.58,79.19,3110.17,2.1
20240307145015,0.27,1016.74,18.47,79.47,2240.33,1.08
20240307150015,0.03,1016.74,18.32,80.27,1884.25,0.77
20240307151015,0.17,1016.77,17.88,83.11,1668.75,0.62
20240307152015,0.14,1016.9,17.17,88.49,2039.83,0.96
20240307153015,0.04,1016.83,16.58,94.17,3439.82,2.65
20240307154015,0.21,1016.8,16.43,95.85,3105.33,2.28
20240307155015,0,1016.92,16.46,96.34,2983.75,2.06
20240308090015,0.45,1022.62,18.09,55.17,9534.75,21.7
20240308091015,0.45,1022.62,18.39,54.73,10761.67,27.36
20240308092015,0.7,1022.72,18.73,53.8,12323.61,36.09
20240308093015,3.2,1022.7,19,53.25,12533.08,37.34
20240308094015,2.93,1022.81,18.96,52.35,13665.17,44.6
20240308095015,3.28,1022.82,19.12,52.82,12944.5,39.83
20240308100015,2.72,1022.88,19.01,50.8,13058,40.66
20240308101015,2.79,1022.84,19.23,51.35,14261.25,48.52
20240308102015,3.34,1022.66,19.61,49.46,15027.5,54.2
20240308103015,2.45,1022.56,20,48.61,15686.42,59.27
20240308104015,3.24,1022.63,19.65,50.51,15813.42,59.61
20240308105015,2.88,1022.5,19.51,51.2,15752.17,58.9
20240308110015,1.13,1022.29,20.32,50.56,15679.83,58.38
20240308111015,2.84,1022.2,20.21,49.89,15044.5,53.73
20240308112015,1.31,1022.11,20.37,49.9,15183,54.42
20240308113015,2.6,1022.02,19.83,52.7,13554.33,43.5
20240308114015,1.87,1021.94,19.41,54.59,11749.92,32.3
20240308115015,0.47,1021.87,19.72,54.97,11740.75,31.4
20240308120015,0.84,1021.76,19.58,54.51,10173.08,23.82
20240308121015,1.47,1021.62,18.91,56.05,8500.67,16.38
20240308122015,0.35,1021.54,18.78,56.64,5800.33,7.77
20240308123015,0.06,1021.45,18.67,57.33,4071.08,3.78
20240308124015,0.99,1021.33,18.27,59.58,3357.67,2.56
20240308125015,1.19,1021.24,17.76,60.66,3125.33,2.13
20240308130015,1.23,1021.11,17.37,61.84,2948.83,1.89
20240308131015,1.61,1021.02,17.29,62.91,2673.08,1.49
20240308132015,2.07,1020.96,17.24,61.49,2948.92,1.86
20240308133015,1.62,1020.85,17.22,60.9,2701.42,1.56
20240308134015,2.09,1020.75,17.02,61.6,2607.92,1.46
20240308135015,1.61,1020.72,17,62.17,2549.33,1.43
20240308140015,2.81,1020.71,16.99,60.76,2616,1.48
20240308141015,0.59,1020.67,17,61.61,2422.17,1.3
20240308142015,1.08,1020.71,16.95,61.95,2232.75,1.1
20240308143015,1.25,1020.66,16.85,62.17,2109.25,1.01
20240308144015,0.99,1020.7,16.93,63.53,1982.5,0.9
20240308145015,0.1,1020.78,16.86,66.98,1884.67,0.86
20240308150015,0.61,1020.83,16.82,62.73,1785.42,0.78
20240308151015,1.49,1020.83,16.83,61.57,1791.17,0.77
20240308152015,1.94,1020.87,16.7,61.59,1798.75,0.81
20240308153015,3.36,1020.94,16.65,61.56,2012.83,1.03
20240308154015,3.17,1020.95,16.57,60.18,1732.08,0.77
20240308155015,2.33,1020.89,16.53,59.68,1612,0.68
20240308160015,1.66,1020.9,16.5,59.61,1632.58,0.68
20240308161015,2.03,1020.96,16.52,59.67,1449.83,0.57
20240308162015,2.25,1020.98,16.46,59.2,1321,0.5
20240308163015,2.72,1021.09,16.4,59.02,1151.75,0.39
20240308164015,2.31,1021.09,16.42,58.68,954.92,0.27
20240308165015,2.02,1021.22,16.32,57.2,867.67,0.25
20240309090015,0,1025.24,20.95,43.7,12058.08,36.46
20240309091015,0,1025.16,21.61,43.06,15878.08,62.86
20240309092015,0,1025.01,21.64,43.04,14003.92,47.74
20240309093015,0.03,1025.03,22.47,42.73,21659.92,114.44
20240309094015,0.03,1025.03,22.93,40.36,18463.75,82.74
20240309095015,0,1024.92,21.76,42.86,11728.25,33.07
20240309100015,0,1024.78,20.71,45.7,10579.08,26.56
20240309101015,0,1024.78,20.57,45.62,12292.25,35.08
20240309102015,0.03,1024.66,20.95,45.26,14362.92,48.81
20240309103015,0,1024.64,20.9,45,11803.75,32.79
20240309104015,0.02,1024.56,20.76,45.83,15070.67,53.68
20240309105015,0.05,1024.33,22.5,42.68,32608.6,275.9
20240309110015,0.03,1024.27,25.3,36.28,21995.65,123.91
20240309111015,0.23,1024.15,22.6,41.09,14201.5,50
20240309112015,0.08,1024.04,20.68,46.35,13050.67,42.44
20240309113015,0.2,1023.89,19.86,47.72,8674.33,18.73
20240309114015,0.05,1023.85,19.07,50.82,7642.33,14.44
20240309115015,0.24,1023.86,19.17,50.07,8986.83,18.85
20240309120015,0.27,1023.81,18.93,51.18,10737.5,26.03
20240309121015,0.15,1023.84,19.03,50.72,10544.5,24.95
20240309122015,0.23,1023.64,18.83,51.8,9921.17,22.77
20240309123015,0.22,1023.42,18.57,52.95,6441.42,9.94
20240309124015,0.28,1023.32,18.16,53.98,5623.42,7.6
20240309125015,0.22,1023.09,17.94,54.69,5933.17,8.31
20240309130015,0.22,1023.17,18.01,55.24,4872.83,5.71
20240309131015,0.36,1023,17.72,55.14,4347.17,4.47
20240309132015,0.2,1022.83,17.78,54.79,5275,6.57
20240309133015,0.23,1022.71,17.77,56.14,4697.58,5.14
20240309134015,0.07,1022.62,17.65,55.91,3476.25,2.92
20240309135015,0.07,1022.52,17.6,56.93,3411.48,2.81
20240309140015,0.04,1022.58,17.45,58.54,3056.25,2.26
20240309141015,0,1022.43,17.52,57.72,3216.33,2.53
20240309142015,0.21,1022.37,17.52,57.44,3389.33,2.8
20240309143015,0.16,1022.43,17.4,57.56,2856.75,1.95
20240309144015,0.2,1022.55,17.38,57.24,2528.92,1.56
20240309145015,0.07,1022.48,17.3,58.16,2316.25,1.36
20240309150015,0.03,1022.53,17.24,58.82,2050.25,1.04
20240309151015,0.25,1022.42,17.23,58.03,1969.25,0.99
20240309152015,0.13,1022.44,17.28,57.68,2201.42,1.23
20240309153015,0.35,1022.4,17.21,59.06,2179.17,1.21
20240309154015,0.19,1022.38,17.29,58.42,2395.67,1.45
20240309155015,0.02,1022.36,17.39,58.5,2339.75,1.5
20240309160015,0.11,1022.36,17.13,59.29,1686.17,0.77
20240309161015,0,1022.45,17.08,59.38,1198.33,0.4
20240309162015,0,1022.39,16.89,61.31,979.92,0.29
20240309163015,0.03,1022.38,16.71,62.72,903.75,0.26
20240309164015,0,1022.36,16.72,61.78,1014.72,0.31
20240309165015,0,1022.26,16.7,61.42,674.08,0.17
20240310090015,0,1026.53,17.55,77.59,6364.17,9.58
20240310091015,0,1026.54,18.46,74.13,7937.58,14.59
20240310092015,0,1026.5,19.13,71.37,9178.33,19.47
20240310093015,0,1026.53,19.31,70.25,8142.34,15.63
20240310094015,0,1026.56,19.32,68.65,6709.92,10.54
20240310095015,0,1026.45,19.04,69.44,6298.67,9.2
20240310100015,0,1026.42,18.79,70.96,6367.78,9.67
20240310101015,0,1026.5,18.88,69.84,5714.67,7.7
20240310102015,0,1026.5,18.74,70.33,6128.25,8.76
20240310103015,0,1026.44,19.05,67.16,7121.33,11.66
20240310104015,0,1026.41,19.12,68.21,7400,12.48
20240310105015,0,1026.36,19.2,71.01,7607.25,13.39
20240310110015,0,1026.31,19.64,69.34,8032.58,14.69
20240310111015,0,1026.12,20.11,66.56,8586.58,16.85
20240310112015,0,1026.08,20.49,65.02,7932.25,14.84
20240310113015,0,1026,20.93,63.96,8321.75,16.37
20240310114015,0,1025.9,21.18,62.62,10002.25,22.94
20240310115015,0,1025.83,21.37,61.51,9593.67,21.04
20240310120015,0,1025.71,21.48,61.81,10290.75,23.93
20240310121015,0,1025.58,21.8,61.77,11588.83,30.47
20240310122015,0,1025.4,22.39,59.66,11385,29.43
20240310123015,0,1025.21,22.54,57.6,11068.08,28.01
20240310124015,0,1025.06,21.93,56.17,11106.42,28.02
20240310125015,0,1024.94,21.69,57.45,9026.94,18.6
20240310130015,0,1024.82,21.74,58.35,9974.42,22.84
20240310131015,0,1024.69,22.47,56.8,12182.92,33.96
20240310132015,0,1024.51,23.05,55.11,13393.08,40.11
20240310133015,0,1024.21,23.53,53.31,15438.58,56.07
20240310134015,0,1023.95,24.22,52.14,13388.75,41.75
20240310135015,0,1023.9,23.84,52.38,10461.58,25.78
20240310140015,0,1023.81,22.96,55.64,8540.25,17.2
20240310141015,0,1023.72,22.4,56.21,11130.83,28.72
20240310142015,0,1023.64,22.77,54.89,13574.75,43.27
20240310143015,0,1023.54,23.51,51.48,12534.75,36.37
20240310144015,0,1023.35,22.92,52.51,12512.83,35.45
20240310145015,0,1023.35,23.58,50.93,18183.5,76.88
20240310150015,0,1023.18,24.97,47,17631.08,72.03
20240310151015,0,1023.1,24.95,47.65,15576.5,56.21
20240310152015,0,1023.08,24.33,48.83,13424.83,42.32
20240310153015,0,1023.03,23.95,49.84,11249.92,30.18
20240310154015,0,1023.01,23.63,50.58,12074.72,35.17
20240310155015,0.03,1023.02,23.13,51.34,12951.17,41.03
20240310160015,0,1023.11,23.38,51.21,8957.92,19.62
20240310161015,0.03,1022.97,21.84,54.34,6697.16,10.98
20240310162015,0,1023.17,21.63,55.17,5364.83,7.24
20240310163015,0,1023.14,21.21,55.69,4761.75,5.57
20240310164015,0,1023.23,20.87,57.46,3692.08,3.44
20240310165015,0,1023.31,20.54,57.97,2696.92,1.91
20240311090015,0,1020.32,24.08,59.11,18386.42,76.76
20240311091015,0.05,1020.24,24.84,56.5,20128.25,91.47
20240311092015,0,1020.18,25.27,55.01,23144.33,119.43
20240311093015,0.05,1019.98,26.75,50.94,31492.92,264.6
20240311094015,0.06,1019.83,30.62,41.68,46349.56,536.08
20240311095015,0.1,1019.77,32.1,38.74,65038.43,923.59
20240311100015,0.03,1019.62,35.52,32.01,62770.95,850.44
20240311101015,0.21,1019.41,32.8,34.73,39736.16,339.41
20240311102015,0.1,1019.22,32.93,36.7,69571.03,1054.48
20240311103015,0.15,1019.06,36.75,29.6,78083.2,1249.7
20240311104015,0.18,1018.89,35.88,31.04,56519.08,684.9
20240311105015,0.1,1018.89,35.36,31.87,59553.47,783.28
20240311110015,0.03,1018.75,36.66,29.71,58043.21,742.92
20240311111015,0.38,1018.5,32.44,34.48,31617.33,222.96
20240311112015,0.32,1018.19,30.62,37.96,27196.58,172.11
20240311113015,0.41,1017.94,28.51,42.93,23258.42,125.63
20240311114015,0.44,1017.85,28.61,43.66,24313.33,137.35
20240311115015,0.16,1017.73,29.4,43.87,22981.75,122.28
20240311120015,0.09,1017.52,29.7,43.27,21380.5,105.69
20240311121015,0,1017.3,30.52,42.15,22886.17,120.59
20240311122015,0.15,1017.21,28.86,44.91,13142.5,41.24
20240311123015,0.13,1017.1,27,49.88,16298.83,61.83
20240311124015,0.22,1016.92,27.88,46.27,18246.42,74.26
20240311125015,0.23,1016.58,27.32,47.94,14610.25,50.74
20240311130015,0.16,1016.38,25.94,53.95,16721.83,66.11
20240311131015,0.15,1016.22,27.69,48.76,24919.08,143.45
20240311132015,0.32,1016.09,28.99,42.76,24480.42,138.58
20240311133015,0.43,1016.08,28.21,44.66,20710,95.1
20240311134015,0.24,1015.94,27.79,46.39,16838.75,64.5
20240311135015,0.26,1015.72,26.84,49.85,13233.92,41.36
20240311140015,0.25,1015.7,26.14,52.22,11258.83,28.63
20240311141015,0.07,1015.67,25.64,58.58,11146.08,28.13
20240311142015,0,1015.63,25.3,60,9688.42,21.01
20240311143015,0,1015.49,25.09,60.45,7977.67,15
20240311144015,0,1015.49,23.84,65.02,5019.54,5.74
20240311145015,0,1015.62,22.51,70.09,3645.33,2.96
20240311150015,0,1015.52,22.31,72.05,5453.25,6.66
20240311151015,0.02,1015.48,21.69,76.4,5179.58,6.1
20240311152015,0.02,1015.49,21.43,79.07,4721.17,5.24
20240311153015,0.06,1015.54,20.75,81.28,3841.33,3.46
20240311154015,0.08,1015.58,20.51,85.31,4236.42,4.3
20240311155015,0.02,1015.52,20.24,90.01,4902.42,5.74
20240311160015,0,1015.58,20.03,93.23,4415.33,4.73
20240311161015,0,1015.57,20.28,94.12,2888.08,2.08
20240311162015,0,1015.58,20.06,94.55,2148.67,1.13
20240311163015,0,1015.53,19.89,94.79,1931.42,0.95
20240311164015,0,1015.63,19.88,94.9,1558.58,0.67
20240311165015,0,1015.58,19.69,94.84,1082.5,0.36
20240312100015,1.18,1020.14,32.91,31.56,106253.7,1962.38
20240312101015,2.14,1020.14,32.03,31.6,106968.86,1978.25
20240312102015,2.8,1020.06,30.31,33.38,78831.78,1263.54
20240312103015,1.93,1020.03,28.75,36.54,71600.79,1132.25
20240312104015,1.05,1020.1,29.49,35.42,45955.21,496.83
20240312105015,1.92,1020.16,30.48,33.52,73224.27,1199.51
20240312110015,0.76,1020.12,28.54,36.9,34570.78,287.89
20240312111015,0.8,1020.11,27.37,38.64,31430,239.32
20240312112015,0.92,1020.06,27.2,39.43,34522.09,283.03
20240312113015,0.28,1019.9,27.14,39.49,28391.67,192.69
20240312114015,0.7,1019.82,26.93,39.11,22580.58,123.79
20240312115015,0.35,1019.81,25.69,42.13,22176.33,116.47
20240312120015,0.07,1019.77,26.25,42.68,18912.33,85.35
20240312121015,0.25,1019.71,25.23,43.6,15822.42,60.11
20240312122015,0.28,1019.61,24.52,45,14857.08,53.19
20240312123015,0.1,1019.48,24.95,45.58,15658.92,58.02
20240312124015,0,1019.36,25.01,45.21,15307.08,55.79
20240312125015,0,1019.34,25.29,44.69,15227,55.21
20240312130015,0.03,1019.26,25.09,44.5,14930.08,53.15
20240312131015,0.18,1019.17,25.05,44.3,14665.92,51.28
20240312132015,0.02,1019.07,25.04,45.09,15835.58,60.34
20240312133015,0,1019.06,25.28,45.21,14498.58,50.96
20240312134015,0,1019.03,25.46,45.68,14750.31,52.58
20240312135015,0,1019.05,25.71,47.48,11719.33,33.56
20240312140015,0,1019.14,25.76,47.39,12084.67,35.48
20240312141015,0,1019.12,25.99,45.96,13342,44.07
20240312142015,0,1019.18,26.17,45.46,15027.67,55.77
20240312143015,0,1019.16,26.79,43.76,16672.33,68.55
20240312144015,0.04,1019.12,26.78,41.11,16899.83,71.07
20240312145015,0,1019.13,27.07,39.9,16867.5,71.44
20240312150015,0,1019.15,26.84,40.17,17990,81.42
20240312151015,0,1019,26.82,39.4,16928.75,72.73
20240312152015,0.03,1019.04,26.25,40.18,13347.25,44.08
20240312153015,0,1019.14,24.9,40.91,10280.33,26.19
20240312154015,0.15,1019.21,23.55,41.74,6988.17,11.88
20240312155015,0.09,1019.21,22.32,45.59,5188.17,5.61
20240312160015,0.1,1019.27,21.65,47.07,4697.75,4.51
20240312161015,0.02,1019.33,21.35,50.67,4314.58,3.67
20240312162015,0.03,1019.5,21.23,49.71,4426.83,4.22
20240312163015,0.24,1019.6,21.59,47.12,5466.17,7.25
20240312164015,0.19,1019.68,21.89,45.5,5513.19,7.81
20240312165015,0,1019.84,22.01,47.34,4602.78,5.57
20240313090015,0,1024.96,22.3,60.29,7770.08,15.49
20240313091015,0,1024.84,21.84,60.38,6875.42,12.3
20240313092015,0,1024.81,21.37,61.91,3782.58,4.31
20240313093015,0.05,1024.94,20.17,65.87,2914.33,2.32
20240313094015,0.05,1024.95,19.19,70.68,4304.08,4.57
20240313095015,0,1025.07,18.95,73.1,4709.38,5.38
20240313100015,0,1025.07,19.4,72.25,4836.92,5.7
20240313101015,0.05,1025.1,19.7,71.29,6243,9.67
20240313102015,0.02,1025.08,20.31,68.81,10162.17,25.33
20240313103015,0,1024.99,21.88,63.19,14546.17,51.93
20240313104015,0.09,1024.86,22.97,57.31,17175.24,70.34
20240313105015,0.12,1024.75,24.06,52.21,22581.43,121.04
20240313110015,0.12,1024.64,24.06,52.26,22364.33,118.58
20240313111015,0.1,1024.51,23.94,51.89,16175.92,64.22
20240313112015,0.03,1024.46,22.5,54.65,11797.08,32.18
20240313113015,0.1,1024.3,22.31,55.61,13010.67,38.71
20240313114015,0,1024.18,22.46,56.17,10682.75,26.02
20240313115015,0,1023.97,22.37,56.3,12717.25,37.01
20240313120015,0,1023.85,22.79,55.53,13714.38,43.38
20240313121015,0,1023.78,22.33,57.32,7556.67,13.3
20240313122015,0,1023.72,21.41,60.04,6670.56,10.11
20240313123015,0,1023.59,21.08,60.97,6074.58,8.38
20240313124015,0,1023.36,20.68,62.31,4966.39,5.55
20240313125015,0,1023.25,20.34,62.69,4460.84,4.52
20240313130015,0,1023.19,20.02,64.83,4826.25,5.3
20240313131015,0,1023.14,20.18,63.67,4999.45,5.65
20240313132015,0.02,1022.98,20.18,63.77,5909.75,8.03
20240313133015,0,1022.66,20.45,62.85,6192.58,9.04
20240313134015,0,1022.57,20.41,63.2,4578.83,4.89
20240313135015,0,1022.38,20.16,63.54,4297.5,4.24
20240313140015,0,1022.31,20.14,63.82,4434.67,4.52
20240313141015,0,1022.3,20.3,63.06,4599.33,4.87
20240313142015,0,1022.02,20.51,62.42,5126.25,6.24
20240313143015,0,1021.94,20.53,61.94,4221.33,4.2
20240313144015,0,1021.81,20.36,62.69,4111.5,4.09
20240313145015,0,1021.78,20.28,62.32,4431.17,4.71
20240313150015,0,1021.74,20.37,63.86,4681.92,5.25
20240313151015,0,1021.66,20.46,64.23,4634.17,5.22
20240313152015,0,1021.61,20.48,64.36,4147,4.29
20240313153015,0,1021.61,20.4,65.11,4075.58,4.14
20240313154015,0,1021.59,20.3,66.28,3782,3.6
20240313155015,0,1021.55,20.09,67.3,3250.58,2.65
20240313160015,0,1021.53,19.91,67.4,2949.17,2.19
20240313161015,0,1021.49,19.85,67.98,2880.33,2.21
20240313162015,0,1021.47,19.6,68.59,2309.08,1.43
20240313163015,0,1021.42,19.31,70.16,1743,0.86
20240313164015,0,1021.43,18.98,71.69,1132.92,0.39
20240313165015,0,1021.41,18.78,72.35,972.58,0.3
20240315090015,0,1021.99,23.79,65.61,15610.58,57.59
20240315091015,0,1021.94,25.36,60.87,19539.67,91.07
20240315092015,0,1021.88,27.01,55.87,19719.42,92.71
20240315093015,0,1021.84,27.08,55.38,20030,95.27
20240315094015,0,1021.81,27.95,53.76,22897.5,122.8
20240315095015,0,1021.77,29.58,49.86,45921.92,592.47
20240315100015,0,1021.58,36.47,34.97,96764.23,1812.53
20240315101015,0.22,1021.45,36.45,32.47,101174.48,1851.49
20240315102015,0.19,1021.35,36.93,31.8,83866.8,1381.17
20240315103015,0.33,1021.27,37.27,30.79,104276.78,1934.7
20240315104015,0.38,1021.14,38.7,28.79,109917.43,1983.9
20240315105015,0.25,1021.02,37.6,29.65,100201.47,1850.52
20240315110015,0.16,1020.95,35.11,33.67,57269.82,733.23
20240315111015,0.23,1020.77,33.07,36.44,46561.09,508.75
20240315112015,0.25,1020.62,29.28,43.88,27429.17,167.33
20240315113015,0.16,1020.49,27.33,49.2,20059.75,88.34
20240315114015,0.16,1020.36,26.8,51.59,17421,66.64
20240315115015,0.06,1020.34,26.26,53.73,14772.83,49.17
20240315120015,0.15,1020.25,26.03,54.1,15136.75,51.7
20240315121015,0.16,1020.12,25.91,54.14,14965.92,50.42
20240315122015,0.06,1019.99,26.05,54.7,14140.67,45.03
20240315123015,0.16,1019.97,26.02,54.81,11993.83,32.99
20240315124015,0.09,1019.91,25.46,55.88,10325,24.38
20240315125015,0.11,1019.8,25.31,56.96,9886.33,22.67
20240315130015,0.02,1019.66,25.36,56.79,10043.92,23.15
20240315131015,0.07,1019.57,25.39,56.59,9574.67,20.95
20240315132015,0.18,1019.49,24.59,58.7,7706.83,13.46
20240315133015,0.03,1019.4,24.52,59,7032.67,11.08
20240315134015,0,1019.35,24.51,60.16,6738.7,10.13
20240315135015,0,1019.27,24.49,62.69,6762.83,10.4
20240315140015,0,1019.23,24.49,63.12,6804.5,10.44
20240315141015,0,1019.2,24.4,64.25,6013.42,8.37
20240315142015,0,1019.19,23.67,67.55,5530.33,7.06
20240315143015,0,1019.17,23.33,69.26,5647.75,7.72
20240315144015,0,1019.13,23.68,68.12,7543.5,13.58
20240315145015,0,1019.06,24.51,66.27,10407.83,25.6
20240315150015,0,1019.09,25.15,64.2,11561.83,31.61
20240315151015,0,1019.08,25.44,62.61,10477.67,26.67
20240315152015,0,1019.03,25.54,62.23,10725.5,27.86
20240315153015,0,1019.02,25.82,60.9,10944.83,29.07
20240315154015,0,1019,25.74,61.14,10830.92,28.56
20240315155015,0,1019,25.61,61.24,9146.42,20.35
20240315160015,0,1019.03,25.32,62.44,8446.08,16.97
20240315161015,0,1019.1,25.04,62.8,8586.5,18.11
20240315162015,0,1019.03,24.63,64.01,7888.58,15.57
20240315163015,0,1019.09,24.64,63.58,6236.83,9.8
20240315164015,0,1019.12,24.15,64.6,4827.32,6.07
20240315165015,0,1019.14,23.56,65.98,3920.42,4.03
20240316090015,0,1021.55,28.84,49.89,39022,182.6
20240316091015,0,1021.52,31.27,45.51,34993.47,194.89
20240316092015,0,1021.51,31.76,42.43,40054.57,200.84
20240316093015,0,1021.42,35.03,35.97,58910.91,683.49
20240316094015,0,1021.37,36.05,35.58,59673.31,825.68
20240316095015,0.09,1021.25,33.46,39.03,45979.82,477.56
20240316100015,0.08,1021.15,34.61,37.62,59098.14,795.6
20240316101015,0.21,1021.03,32.35,40.9,60089.58,813.38
20240316102015,0.23,1020.95,35.12,35.78,98782.12,1835.68
20240316103015,0.14,1020.82,36.73,33.59,99307.17,1826.82
20240316104015,0.35,1020.74,37.25,32.6,98909.52,1812.95
20240316105015,0.19,1020.61,36.7,34.27,96629.47,1793.57
20240316110015,0.27,1020.46,37.68,32.51,96404.86,1787.3
20240316111015,0.3,1020.3,36.71,34.2,99356.58,1865.98
20240316112015,0.3,1020.19,36.01,35.16,95402.02,1787.47
20240316113015,0.36,1020.1,34.81,38.26,79719.07,1375.82
20240316114015,0.34,1019.92,33.25,41.92,52222.12,746.3
20240316115015,0.45,1019.79,32.99,42.53,45637.63,593.53
20240316120015,0.25,1019.64,32.92,42.76,50833.79,639.74
20240316121015,0.29,1019.45,36.01,36.73,77445.31,1438.18
20240316122015,0.19,1019.3,38.71,31.85,76030.81,1452
20240316123015,0.11,1019.13,39,31.24,70251.16,1292.49
20240316124015,0.31,1018.89,36.74,34.21,65748.55,1166.28
20240316125015,0.3,1018.75,35.05,38.57,36203.8,444.25
20240316130015,0.29,1018.59,30.03,50.94,18005.83,54.63
20240316131015,0.2,1018.52,28.64,57.13,17366.33,51.66
20240316132015,0.43,1018.32,28.19,61.18,17424.92,54.68
20240316133015,0.29,1018.18,27.77,62.19,15886.42,44.76
20240316134015,0.3,1018.04,27.57,62.57,14496.42,37.55
20240316135015,0.37,1017.9,27.66,61.79,15317.17,46.03
20240316140015,0.49,1017.72,27.55,62.71,15359.33,47.6
20240316141015,0.3,1017.61,27.99,61.8,15619.25,51.84
20240316142015,0.39,1017.56,27.55,63.44,14200,42.6
20240316143015,0.33,1017.5,27.5,63.57,13607.25,39.11
20240316144015,0.14,1017.43,27.3,64.23,11235.33,24.33
20240316145015,0.26,1017.35,27.15,64.65,10921.48,23.57
20240316150015,0.2,1017.3,26.7,67.21,9676,17.92
20240316151015,0.2,1017.24,26.42,68.52,9584,19.05
20240316152015,0.3,1017.25,26.41,67.94,8266.25,14.04
20240316153015,0.3,1017.3,25.97,68.31,7562.5,11.24
20240316154015,0.15,1017.3,25.92,69.55,7904.75,13.64
20240316155015,0.07,1017.28,26.3,68.02,8404.33,16.84
20240316160015,0.11,1017.28,26.49,68.37,6762.83,10.99
20240316161015,0.02,1017.27,26.29,68.81,6278.17,9.83
20240316162015,0.06,1017.23,26.29,68.94,4262.58,4.59
20240316163015,0.08,1017.23,25.72,71.03,3337.08,2.8
20240316164015,0.1,1017.32,25.31,71.73,2736.08,2.02
20240316165015,0.06,1017.34,25.11,72.34,2702.08,1.88
20240318090015,0,1020.31,22.92,73.98,5128.58,6.26
20240318091015,0,1020.45,22.81,73.61,4632.75,5.08
20240318092015,0,1020.48,22.52,74.9,4703.52,5.33
20240318093015,0.1,1020.46,22.44,75.38,6886.08,10.9
20240318094015,0.15,1020.43,22.43,75.28,7453.8,12.88
20240318095015,0.04,1020.43,22.7,74.89,8923.13,18.29
20240318100015,0.23,1020.47,22.77,74.09,9147.75,18.97
20240318101015,0.15,1020.45,22.69,73.87,9402.83,20.32
20240318102015,0.26,1020.41,22.63,73.68,10413.33,24.61
20240318103015,0.3,1020.33,22.6,74.28,10333.42,24.31
20240318104015,0.29,1020.2,22.7,73.52,10634.5,25.93
20240318105015,0.14,1020.15,22.75,73.7,10127.42,23.48
20240318110015,0.21,1019.98,22.48,75.06,6423.33,10.07
20240318111015,0.24,1019.84,22.37,74.76,7151.67,11.85
20240318112015,0.11,1019.71,22.59,73.23,9647.02,21.32
20240318113015,0.06,1019.53,23.11,71.57,10801.67,27.53
20240318114015,0.2,1019.38,23.14,71.21,9391.08,20.99
20240318115015,0.11,1019.14,23.03,71.92,9232.17,20.7
20240318120015,0.04,1018.91,23.47,70.09,13206.66,40.19
20240318121015,0.05,1018.75,23.85,68.54,10801.75,26.62
20240318122015,0.18,1018.64,23.22,69.87,8993.08,18.82
20240318123015,0.12,1018.53,23.03,71.93,8341.5,15.79
20240318124015,0.15,1018.41,22.39,74.25,6615.58,9.61
20240318125015,0.17,1018.32,22.28,74.36,6444.5,9.17
20240318130015,0.05,1018.31,21.78,77.54,4682.5,4.69
20240318131015,0.03,1018.24,21.08,81.68,3506.25,2.7
20240318132015,0.04,1018.19,20.69,85.14,4740.33,4.8
20240318133015,0.23,1018.1,20.61,86.61,5266.34,6.33
20240318134015,0.39,1017.92,20.47,88.1,5923.92,7.99
20240318135015,0.41,1017.8,20.6,86.06,6546.92,9.41
20240318140015,0.44,1017.69,20.78,84.18,5320.83,6.49
20240318141015,0.58,1017.63,20.85,83.66,5006.33,5.78
20240318142015,0.48,1017.58,20.61,85.6,4552,4.82
20240318143015,0.49,1017.49,20.63,85.95,5551.5,7.29
20240318144015,0.31,1017.4,20.58,87.12,3083.33,2.37
20240318145015,0,1017.38,20,92.58,1541.67,0.65
20240318150015,0,1017.35,19.64,94.28,2006.92,1.08
20240318151015,0.02,1017.31,19.82,95.29,3872.75,3.95
20240318152015,0.06,1017.24,19.64,94.75,4220.56,4.22
20240318153015,0.05,1017.24,19.59,95.07,3633.65,3.06
20240318154015,0.18,1017.21,19.48,94.77,3229.63,2.49
20240318155015,0.24,1017.15,19.53,94.69,3006.17,2.17
20240318160015,0.35,1017.22,19.65,93.24,2902.58,2.05
20240318161015,0.22,1017.3,19.72,92.75,2336.08,1.34
20240318162015,0.21,1017.33,19.77,91.98,2279.08,1.32
20240318163015,0.17,1017.35,19.76,91.52,2302,1.41
20240318164015,0.06,1017.33,19.81,91.55,2417.17,1.52
20240318165015,0.13,1017.3,19.75,92.46,2463.8,1.45
20240319120015,0.13,1019.53,20.59,81.77,8753.06,16.84
20240319121015,0,1019.36,20.77,81.29,10891.11,27.18
20240319122015,0.03,1019.23,21.26,79.2,12693,36.57
20240319123015,0,1019.12,21.66,78.64,12598.34,35.39
20240319124015,0.17,1019.03,21,79.31,9936.95,22.7
20240319125015,0,1018.89,21.31,77.99,10501.67,25.19
20240319130015,0.02,1018.78,21.21,78.46,10225.34,23.94
20240319131015,0,1018.66,21.59,77.51,9567.92,21.34
20240319132015,0.04,1018.59,21.14,78.32,6799.67,10.63
20240319133015,0,1018.49,20.65,79.58,6099,8.25
20240319134015,0.04,1018.39,20.44,79.6,5569.75,7.06
20240319135015,0,1018.38,20.52,78.39,7392.5,12.35
20240319140015,0,1018.15,20.79,77,6083.33,8.66
20240319141015,0,1018.12,20.66,76.84,7053.57,11.64
20240319142015,0,1018.02,20.92,75.97,7943.75,15
20240319143015,0.07,1017.96,21.08,74.46,8855.59,18.85
20240319144015,0.03,1018,21.1,74.32,8126.39,15.45
20240319145015,0.06,1018.15,20.86,74.42,6459.16,9.68
20240319150015,0.09,1018.13,20.51,76.87,5421.67,6.95
20240319151015,0.09,1018.19,20.29,75.92,5463.61,7.18
20240319152015,0,1018.23,20.29,79.1,4022.5,3.98
20240319153015,0,1018.22,20.23,77.83,3918.61,3.73
20240319154015,0,1018.25,19.92,77.13,3021.3,2.27
20240319155015,0.16,1018.31,19.75,76.46,2567.71,1.66
20240319160015,0.03,1018.5,19.52,76.9,1877.67,0.88
20240319161015,0.23,1018.62,19.26,76.45,1607.36,0.67
20240319162015,0.21,1018.7,19.23,75.51,2533.83,1.75
20240319163015,0.31,1018.8,19.22,76.08,2449.92,1.64
20240319164015,0.3,1018.93,19,76.62,1876,0.99
20240319165015,0.08,1019.01,19,76.48,1387.25,0.55
20240320090015,0.3,1027.63,21.73,41.89,24729.03,148.9
20240320091015,0.16,1027.52,22.23,40.51,26889.63,174.47
20240320092015,0.17,1027.44,22.43,40.85,24298.61,141.5
20240320093015,0.3,1027.4,22.17,42.19,21730,115.24
20240320094015,0.28,1027.34,22.04,43.42,22004.91,117.53
20240320095015,0.04,1027.2,23,41.72,21880.92,116.24
20240320100015,0.03,1027.25,24.28,38.67,23780,136.55
20240320101015,0.29,1027.12,24.68,38.89,34051.36,295.58
20240320102015,0.21,1026.99,24.49,39.47,34375.83,276.03
20240320103015,0.25,1026.96,23.15,41.41,25911.25,159.2
20240320104015,0.26,1026.93,22.62,42.85,22336.75,116.96
20240320105015,0.27,1026.84,22.14,44.01,18335.25,80.16
20240320110015,0.22,1026.67,21.93,44.68,16746.58,66.37
20240320111015,0.22,1026.64,20.96,47.29,11864.42,34.15
20240320112015,0.25,1026.51,20.61,48.2,9847.08,23.6
20240320113015,0.26,1026.37,20.51,49.13,11002.17,29.31
20240320114015,0.23,1026.25,21.14,46.66,14401.42,50.2
20240320115015,0.24,1026.03,21.53,46.87,15269.42,56.66
20240320120015,0.24,1025.85,21.76,46.33,17384.83,73.06
20240320121015,0.28,1025.66,21.9,45.55,17751.39,75.8
20240320122015,0.4,1025.58,21.59,46.17,16130.58,62.56
20240320123015,0.17,1025.37,21.99,46.92,17509.17,73.45
20240320124015,0.2,1025.31,21.88,47.41,17715,75.27
20240320125015,0.18,1025.16,21.53,47.74,14293.96,48.94
20240320130015,0.22,1024.99,21.1,50.01,12850.71,39.94
20240320131015,0.31,1024.88,21,48.51,13623.89,44.78
20240320132015,0.34,1024.71,21.58,47.71,16009.81,62.23
20240320133015,0.42,1024.51,21.55,48.26,17124.17,71.07
20240320134015,0.27,1024.33,21.69,49.99,15557.75,59.27
20240320135015,0.32,1024.28,21.61,50.72,14214.08,49.71
20240320140015,0.34,1024.19,21.42,52.18,13634.08,45.34
20240320141015,0.36,1024.09,20.98,53.06,12728.34,39.34
20240320142015,0.32,1024.05,20.79,53.92,10196.57,25.11
20240320143015,0.44,1024,20.41,53.39,8344.42,16.85
20240320144015,0.27,1024.02,20.17,55.28,6009.25,8.98
20240320145015,0.26,1024.04,19.98,53.8,6007.5,8.77
20240320150015,0.35,1024.08,19.86,54.75,5430.83,7.38
20240320151015,0.2,1024.19,19.73,55.25,4734.45,5.61
20240320152015,0.46,1024.14,19.49,55.91,2529.45,1.66
20240320153015,0.38,1024.15,19.31,57.52,1981.94,1.04
20240320154015,0.4,1024.24,19.15,56.14,2124.17,1.19
20240320155015,0.39,1024.25,19.16,56.69,2563.17,1.67
20240320160015,0.33,1024.16,19.06,56.6,1808.06,0.88
20240320161015,0.15,1024.17,19.02,57.03,1676.46,0.75
20240320162015,0.3,1024.16,19.05,56.54,1600.42,0.7
20240320163015,0.19,1024.06,19.08,56.41,2349.03,1.59
20240320164015,0.35,1024.16,19.11,55.19,2416.39,1.67
20240320165015,0.29,1024.23,19.05,55.18,2267.5,1.48
20240321090015,0.02,1022.68,27.33,38.98,51289.51,399.02
20240321091015,0,1022.63,30.96,33.43,53521.47,431.01
20240321092015,0.03,1022.54,35.03,26.72,83051.92,1174.03
20240321093015,0.06,1022.49,34.88,24,96279.26,1855.12
20240321094015,0.17,1022.46,37.46,20.56,100146.66,1864
20240321095015,0.3,1022.3,34.28,23.9,102742.43,1925.55
20240321100015,0.33,1022.11,33.94,24.31,105125.45,1951.9
20240321101015,0.11,1021.94,33.59,25.14,81149.93,1379.97
20240321102015,0.34,1021.81,33.83,24.35,106378.23,1995.83
20240321103015,0.29,1021.63,34.22,23.38,100470.1,1898.63
20240321104015,0.41,1021.45,31.97,26.33,71486.37,1177.04
20240321105015,0.18,1021.28,29.32,30.59,48237.86,565.06
20240321110015,0.25,1021.04,31.74,27.62,78559.91,1354.05
20240321111015,0.34,1020.81,30.18,30.6,35735.63,299.19
20240321112015,0.33,1020.72,26.48,36.79,26610.33,169.79
20240321113015,0.21,1020.62,26.42,38.14,28960.42,202.48
20240321114015,0.41,1020.59,26.65,35.97,30161.33,219.14
20240321115015,0.24,1020.42,26.23,38.69,33642.96,273.54
20240321120015,0.3,1020.36,28.55,33.71,44127.1,622.57
20240321121015,0.24,1020.28,27.03,36.26,25100.83,150.33
20240321122015,0.3,1020.05,25.91,38.37,24251,140.94
20240321123015,0.24,1019.78,26.04,38.64,24054.92,141.29
20240321124015,0.26,1019.56,25.07,40.61,19514.42,90.62
20240321125015,0.16,1019.31,24.63,41.26,17892.42,75.61
20240321130015,0.15,1019.19,25.13,40.77,17593.5,74.07
20240321131015,0.15,1018.93,24.32,41.12,13778.33,46.47
20240321132015,0.16,1018.83,24.1,41.68,12551.5,38.96
20240321133015,0.3,1018.65,23.33,43.42,12546.94,39.01
20240321134015,0.18,1018.51,23.71,43.17,13658.33,45.56
20240321135015,0.16,1018.4,23.8,42.52,12419.72,37.99
20240321150015,0.08,1017.68,24.58,40.78,12432.25,39.43
20240321151015,0.02,1017.48,24.6,42.02,11347.25,32.71
20240321152015,0,1017.48,24.39,41.1,9896.58,25.1
20240321153015,0.02,1017.44,23.95,41.48,10328.92,27.26
20240321154015,0,1017.46,23.87,42.18,8702.17,19.79
20240321155015,0.06,1017.4,23.47,42.69,8226.33,17.57
20240321160015,0,1017.3,23.07,44.87,7304.75,13.85
20240321161015,0,1017.19,23.1,43.96,6652.17,11.53
20240321162015,0,1017.22,22.72,45.61,4633.58,5.79
20240321163015,0,1017.26,22.28,48.44,3296.76,3.04
20240321164015,0,1017.28,21.86,48.28,2662.5,2.05
20240321165015,0,1017.3,21.67,49.13,2300.42,1.55
20240322090015,0.03,1017.76,30.01,39.93,43285.89,343.37
20240322091015,0.1,1017.7,31.87,35.38,52432.74,511.23
20240322092015,0,1017.64,30.93,38.4,36773.07,291.02
20240322093015,0.15,1017.62,32.03,34.34,67003.67,1093.37
20240322094015,0.19,1017.62,35.21,27.74,87366.94,1686.95
20240322095015,0.29,1017.58,36.58,25.89,90102.9,1699.64
20240322100015,0.24,1017.62,37.29,24.1,91502.44,1710.07
20240322101015,0.28,1017.61,37.1,25.36,88547.66,1592.63
20240322102015,0.24,1017.48,36.86,26.63,96746.26,1830.02
20240322103015,0.08,1017.32,38.44,25.09,85197.03,1493.39
20240322104015,0.23,1017.21,36.96,27.1,85170.08,1541.03
20240322105015,0.35,1017.09,36.74,27.74,83139.07,1463.88
20240322110015,0.33,1016.96,35.45,30.24,85189.66,1561.43
20240322111015,0.32,1016.86,35.57,31.16,90247.87,1718.84
20240322112015,0.3,1016.75,35.01,32.08,67531.05,1074.76
20240322113015,0.31,1016.57,33.42,35.68,73298.49,1345.14
20240322114015,0.36,1016.39,35.17,32.52,67270.03,1141.36
20240322115015,0.41,1016.28,31.98,38.76,38208.41,479.33
20240322120015,0.42,1016.12,31.03,41.58,30053.83,228.1
20240322121015,0.44,1015.99,29.3,45.79,26122.08,174.68
20240322122015,0.46,1015.82,29.68,45.71,39151.98,449.64
20240322123015,0.4,1015.71,33.22,38.55,69520.37,1251.95
20240322124015,0.42,1015.51,34.62,35.13,56403.91,916.32
20240322125015,0.34,1015.31,33.86,36.78,58331.77,1116.39
20240322130015,0.39,1015.25,32.08,40.79,29817.85,272.06
20240322131015,0.41,1015.09,29.1,48.35,20163.08,104.23
20240322132015,0.33,1015.01,27.41,52.89,10913.17,30.11
20240322133015,0.41,1014.9,26.17,57.05,7962.75,15.75
20240322134015,0.45,1014.74,25.65,59.64,9089.83,20.02
20240322135015,0.32,1014.59,26.02,58.73,10961.58,29.58
20240322140015,0.21,1014.45,26.28,58.89,11385.58,32.35
20240322141015,0.39,1014.29,25.95,58.84,9258,21.46
20240322142015,0.35,1014.14,25.6,60.24,7237.25,13.06
20240322143015,0.29,1013.98,25.52,60.94,8111.58,16.07
20240322144015,0.16,1013.89,25.3,60.97,6254.25,9.84
20240322145015,0.12,1013.87,25.17,61.94,4654.17,5.44
20240322150015,0.1,1013.82,25.03,63.02,4900.33,5.98
20240322151015,0.23,1013.85,24.72,63.39,4595.17,5.39
20240322152015,0.2,1013.83,24.67,63.56,5528.75,7.69
20240322153015,0.15,1013.84,24.9,62.85,5596.76,7.92
20240322154015,0.1,1013.78,25.05,62.2,5263.08,7.13
20240322155015,0.04,1013.86,24.99,63.13,4337.33,4.91
20240322160015,0.02,1013.89,24.79,63.99,3827.83,3.94
20240322161015,0.04,1013.94,24.6,64.55,2681.66,2.04
20240322162015,0.09,1013.95,24.26,65.94,2401.58,1.59
20240322163015,0.1,1014,24.21,66.32,2243.89,1.42
20240322164015,0.08,1014.07,23.97,67.29,1302.75,0.56
20240322165015,0,1014.19,23.48,70.09,921.5,0.3
20240323160015,1.48,1013.42,28.23,72.58,5770.65,9.21
20240323161015,2.3,1013.52,28.01,74.38,7009.5,12.48
20240323162015,1.59,1013.56,27.58,76.23,3977.33,4.01
20240323163015,1.83,1013.57,27.19,77.97,2341,1.59
20240323164015,2.07,1013.51,26.83,79.46,1542.75,0.72
20240323165015,1.87,1013.49,26.64,80.35,1141.17,0.4
20240325110015,3.28,1015.56,38.4,45.48,88242.75,1605.98
20240325111015,2.82,1015.54,38.43,45.84,92376.08,1567.72
20240325112015,3.61,1015.36,37.66,47.23,95275.34,1725.04
20240325113015,3.66,1015.13,37.78,47.02,97620.08,1813.65
20240325114015,3.34,1015,38.18,45.94,95134.65,1766.56
20240325115015,3.25,1014.8,38.23,46.34,93554.12,1756.66
20240325120015,2.97,1014.64,38.8,44.92,90424.68,1698.21
20240325121015,3.86,1014.52,38.02,46.06,87711.22,1658.73
20240325122015,2.92,1014.34,38.08,46.43,85146.54,1589.95
20240325123015,3.69,1014.21,38.2,45.83,81725.11,1512.98
20240325124015,3.45,1014.1,38.04,46.05,74487.83,1336.35
20240325125015,2.89,1013.96,36.34,49.82,55403.92,889.07
20240325130015,3.41,1013.79,35.51,52.24,43277.81,576.29
20240325131015,3.09,1013.64,33.81,56.96,18115.5,87.31
20240325132015,3.74,1013.51,31.32,65.54,14622.5,46.7
20240325133015,3.74,1013.37,30.84,67.35,14627.08,48.44
20240325134015,2.88,1013.22,31.25,66.32,17378.33,72.23
20240325135015,3.24,1013.14,31.07,66.14,19092.92,89.61
20240325140015,2.61,1013.12,31.36,65.29,18020.42,80.8
20240325141015,2.94,1013.02,31.43,65.12,20064.5,101.95
20240325142015,2.79,1012.97,31.37,65.61,18148.58,84.77
20240325143015,2.97,1012.81,30.8,67.3,17280.17,76.92
20240325144015,2.51,1012.65,30.65,68.46,12601.58,40.38
20240325145015,2.72,1012.53,30.72,68.34,16601.5,71.52
20240325150015,2.17,1012.51,31.32,66.2,16082.17,67.74
20240325151015,1.85,1012.45,31.23,66.34,16006.33,66.45
20240325152015,2.03,1012.38,30.95,67.73,14244.92,52.73
20240325153015,1.98,1012.37,30.69,69.19,14410.92,53.84
20240325154015,1.92,1012.45,30.14,71.24,11279,32.84
20240325155015,1.78,1012.45,29.8,72.88,10646,29.19
20240325160015,1.98,1012.44,29.46,74.2,9051.75,21.18
20240325161015,1.69,1012.43,29.1,75.9,7376.83,13.88
20240325162015,2.52,1012.51,28.59,78.1,6336.83,10.28
20240325163015,1.92,1012.58,28.42,79.34,5316.76,7.35
20240325164015,0.62,1012.66,28.51,79.27,5050.83,6.7
20240325165015,0.91,1012.75,28.29,80.2,3819.08,3.94
20240326090015,0.7,1019.05,36.95,46.59,80794.51,1337.49
20240326091015,0.17,1019.15,39.39,42.59,85053.28,1449.18
20240326092015,0.92,1019.2,39.95,41.39,88359.35,1622.85
20240326093015,0.79,1019.26,39.84,40.54,71978.92,1186.85
20240326094015,1.05,1019.49,33.97,52.36,30243.21,233.3
20240326095015,1.1,1019.44,33.2,56.12,35492.8,330.56
20240326100015,0.42,1019.51,33.3,59.02,43560.47,447.33
20240326101015,0.9,1019.65,33.1,60.55,35373.07,321.5
20240326102015,1.16,1019.83,31.11,67.38,32286.08,243.61
20240326103015,1.58,1019.89,32.12,62.96,46597.09,508.05
20240326104015,1.41,1019.91,32.32,63.47,33181.05,277.5
20240326105015,1.14,1019.94,30.19,71.91,10900.67,30.22
20240326110015,0.92,1019.98,27.34,82.67,7481.42,13.06
20240326111015,1.12,1020.21,25.84,87.96,4247.08,4.15
20240326112015,1.05,1020.36,24.57,93.15,3451.5,2.61
20240326113015,1.14,1020.5,23.75,97.39,3718.92,2.94
20240326114015,2.48,1020.68,22.95,100,5934.17,7.58
20240326115015,2.82,1020.95,22.32,100,3421,2.88
20240326120015,2.88,1020.95,21.94,100,2933.75,1.93
20240326121015,3.2,1020.9,21.79,100,5197.5,5.98
20240326122015,1.52,1020.89,21.73,100,5441.58,6.89
20240326123015,1.75,1021,21.58,100,3938.92,3.61
20240326124015,2.67,1020.98,21.4,100,5123.25,5.48
20240326125015,2.52,1020.99,21.33,100,5282.42,6.21
20240326130015,3.21,1021.08,21.14,100,6012.42,8.1
20240326131015,2.97,1020.98,21.07,100,7292.83,12.38
20240326132015,2.65,1021.02,21.1,100,7928.58,14.43
20240326133015,3.17,1021.1,20.93,100,9084.5,18.75
20240326134015,2.89,1021.06,20.7,100,6052.5,8.65
20240326135015,2.69,1021.08,20.52,100,4687,4.7
20240326140015,2.7,1021.03,20.33,100,5644.25,7.1
20240326141015,1.88,1020.85,20.32,100,6076.5,8.07
20240326142015,2.73,1020.81,20.19,100,5913.08,7.84
20240326143015,2.29,1020.75,20,100,4763.83,5.05
20240326144015,1.96,1020.77,19.99,100,3975.17,3.6
20240326145015,2.34,1020.74,19.95,100,3506.75,3.12
20240326150015,2.6,1020.71,20.01,100,3930.5,3.68
20240326151015,2.74,1020.75,20.06,100,3287,2.62
20240326152015,2.37,1020.76,20.03,100,2692.16,1.76
20240326153015,1.04,1020.81,20.02,100,2102.6,1.05
20240326154015,0.34,1020.9,20.08,100,1892.75,0.85
20240326155015,0.37,1020.89,20.07,100,1631.17,0.69
20240326160015,0.31,1020.93,20.1,99.91,1643.5,0.7
20240326161015,0.33,1021.04,19.79,100,1505.67,0.65
20240326162015,0.32,1021.09,19.59,100,1300.74,0.5
20240326163015,0.22,1021.15,19.42,100,1107.08,0.39
20240326164015,0.15,1021.19,19.48,100,1100.83,0.37
20240326165015,0.36,1021.27,19.72,98.46,955.08,0.29
20240327090015,0,1023.13,27.57,61.56,19003.92,92.15
20240327091015,0,1023.09,28.89,59.16,21769.42,120.2
20240327092015,0,1023.13,29.52,55.8,24126.25,145.85
20240327093015,0,1023.08,29.47,53.96,23667.92,140.98
20240327094015,0,1022.99,30.36,55.11,25028.25,157.16
20240327095015,0,1022.91,30.33,54.96,26762.5,178.5
20240327100015,0,1022.71,30.7,52.61,29465.5,216.8
20240327101015,0,1022.53,31.12,52.07,32418.33,260.58
20240327102015,0,1022.44,31.93,50.24,34900.66,299.57
20240327103015,0,1022.33,33.27,46.18,41861.58,426.42
20240327104015,0,1022.16,34.44,43.66,38295.13,360.86
20240327105015,0,1022.04,32.85,45.76,38801.35,367.83
20240327110015,0,1021.93,32.16,47.35,39987.3,390.03
20240327111015,0,1021.79,31.38,49.32,42369.71,430.98
20240327112015,0,1021.74,33.02,46.66,59775.38,860.28
20240327113015,0.02,1021.64,33.6,44.96,51543.54,655.57
20240327114015,0.05,1021.54,33.99,42.43,38520.75,365.61
20240327115015,0,1021.44,30.38,52.03,29332.92,212.88
20240327120015,0.02,1021.31,28.88,57.06,22430.17,126.92
20240327121015,0,1021.18,27.48,62,18725.5,92.28
20240327122015,0,1021.06,26.68,65.48,16265.83,67.51
20240327123015,0,1020.9,26.1,68.26,15124.42,58.57
20240327124015,0,1020.73,26.25,68.4,12470.84,40.55
20240327125015,0,1020.54,25.92,69.13,13298.33,45.1
20240327130015,0,1020.38,25.97,68.84,12951.17,42.08
20240327131015,0,1020.28,25.58,69.33,11008.92,30.21
20240327132015,0,1020.12,25.46,70.19,9725.92,23.52
20240327133015,0,1019.97,24.8,72.85,7977.92,15.9
20240327134015,0,1019.72,24.46,74.89,7669.75,14.71
20240327135015,0,1019.56,24.58,74.33,6074.08,9.27
20240327140015,0,1019.48,24.54,75.14,5545.67,7.82
20240327141015,0,1019.3,24.68,74.93,5939.25,8.95
20240327142015,0,1019.1,24.67,76.88,5217.04,7.29
20240327143015,0,1018.92,24.66,77.05,5824.41,9.13
20240327144015,0,1018.87,25.15,75.34,7892.25,16.57
20240327145015,0,1018.78,26.12,71.72,10668.67,29.19
20240327150015,0,1018.68,26.42,70.35,9895.83,25.23
20240327151015,0,1018.64,26.19,70.98,8552.42,18.8
20240327152015,0,1018.59,26,71.35,7201.67,13.57
20240327153015,0,1018.55,24.92,75.55,5723.42,8.69
20240327154015,0,1018.55,24.82,76.32,4586.33,5.68
20240327155015,0,1018.51,24.78,75.88,4310.5,5.03
20240327160015,0,1018.52,24.62,76.57,4508.75,5.47
20240327161015,0,1018.57,24.3,77.76,4141.5,4.65
20240327162015,0,1018.63,24.42,77.06,4961.42,6.73
20240327163015,0,1018.75,24.73,76.89,4138.75,4.59
20240327164015,0,1018.78,24.49,77.22,2855.92,2.28
20240327165015,0,1018.82,24.17,77.76,2167.08,1.4
20240328090015,0.18,1013.49,37.35,36.67,80196.33,1421.92
20240328091015,0.02,1013.51,40.92,32.13,80637.1,1402.92
20240328092015,0.26,1013.31,41.01,29.23,89586.44,1571.24
20240328093015,0.34,1013.33,39.4,31.56,94007.65,1659.27
20240328094015,0.38,1013.33,38.75,32.9,91906.02,1559.82
20240328095015,0.31,1013.34,37.76,34.72,102186.66,1739.06
20240328100015,0.24,1013.26,40.79,30.47,107935.05,1929.11
20240328101015,0.34,1013.17,40.52,30.44,108472.49,1855.91
20240328102015,0.41,1013.22,38.31,34.93,101868.43,1804.36
20240328103015,0.43,1013.18,37.26,38.28,106913.88,1893.67
20240328104015,0.33,1013.17,37.92,37.64,103246.45,1832.06
20240328105015,0.38,1013.1,37.47,38.54,105524.53,1870.54
20240328110015,0.37,1013.15,40.15,34.31,108351.56,1869.19
20240328111015,0.42,1013.23,39.57,35.56,104676.05,1856.23
20240328112015,0.39,1013.29,40.34,34.11,102145.69,1835.72
20240328113015,0.3,1013.32,40.91,33.67,102209.48,1849.97
20240328114015,0.26,1013.26,38.61,38.26,92730.07,1709.89
20240328115015,0.43,1013.14,39.24,37.79,87631.44,1649.87
20240328120015,0.3,1012.99,40.33,35.8,84249.54,1520.41
20240328121015,0.3,1012.87,37.54,40.57,52199.66,716.92
20240328122015,0.26,1012.78,35.46,46.41,38237.94,358.41
20240328123015,0.25,1012.68,35.13,47.05,36346.93,348.26
20240328124015,0.35,1012.49,38.87,39.62,82472.79,1573.53
20240328125015,0.24,1012.31,38.17,40.92,45126.12,568.58
20240328130015,0.06,1012.14,36.1,45.5,33800.91,293.81
20240328131015,0.1,1012.06,34.82,48.2,24979.92,159.09
20240328132015,0.2,1011.96,32.88,54.52,21521,117.89
20240328133015,0.2,1012.01,31.72,57.68,21491.58,112.28
20240328134015,0.23,1011.79,31.92,58.31,26263.17,171.05
20240328135015,0.19,1011.66,32.22,56.89,20563.25,105.83
20240328140015,0.16,1011.43,31.02,61.82,21717.92,118.59
20240328141015,0.21,1011.29,30.88,61.37,16661.33,68.14
20240328142015,0.2,1011.36,30.61,63.74,20075.33,102.71
20240328143015,0.18,1011.24,30.84,62.69,17975.08,82.76
20240328144015,0.21,1011.1,30.15,64.8,15281,59.58
20240328145015,0.22,1011.03,29.75,65.22,12529.75,41.45
20240328150015,0.11,1010.97,28.99,66.45,9580.92,23.02
20240328151015,0.22,1010.85,28.33,69.69,10245.92,26.23
20240328152015,0.1,1010.76,28.8,68.09,10969.08,30.36
20240328153015,0.02,1010.75,28.94,67.7,10121.92,26.15
20240328154015,0.04,1010.82,29.28,66.31,10565.08,28.87
20240328155015,0.05,1010.77,29.19,66.08,8505.46,19.02
20240328160015,0.15,1010.77,28.75,67.65,7755.5,15.96
20240328161015,0.11,1010.74,28.66,69.89,6391.33,10.84
20240328162015,0.1,1010.73,27.92,72.35,6050.58,9.26
20240328163015,0.02,1010.69,27.98,71.16,4608.17,4.96
20240328164015,0.1,1010.67,27.44,74.23,4542.83,5.16
20240328165015,0.1,1010.66,27.37,75.75,4806,5.47
20240329090015,0.3,1015.48,24.37,91.04,1640,0.69
20240329091015,0.24,1015.46,24,92.28,2268.25,1.05
20240329092015,0.36,1015.49,23.58,94.84,3064.75,2.24
20240329093015,0.27,1015.69,22.93,99.25,2632.08,1.68
20240329094015,0.16,1015.74,22.56,100,3779.33,3.43
20240329095015,0.39,1015.67,22.6,100,3978.17,3.85
20240329100015,0.11,1015.75,22.95,98.05,4194.17,4.14
20240329101015,0.16,1015.85,23.06,96.52,4446.17,4.98
20240329102015,0.2,1015.94,23.14,96.68,4648.75,5.39
20240329103015,0.29,1016.04,23.07,96.68,4882.75,5.61
20240329104015,0.23,1016.07,23.04,95.68,3971,3.79
20240329105015,0.27,1016.08,23.12,94.48,4867.67,5.33
20240329110015,0.29,1016.1,23.05,93.38,3560.08,2.78
20240329111015,0.37,1015.95,22.84,92.28,4110.75,3.87
20240329112015,0.16,1015.99,22.6,91.69,3472.17,2.76
20240329113015,0.1,1015.94,22.73,89.34,3528.25,2.88
20240329114015,0.03,1015.92,22.9,88.03,3767.33,3.27
20240329115015,0.02,1015.88,22.6,92.2,3394.33,2.9
20240329120015,0,1015.83,22.47,94.51,5543.7,7.49
20240329121015,0,1015.63,22.59,93.73,6685.17,11
20240329122015,0.02,1015.53,23,92.32,7700.08,14.64
20240329123015,0,1015.37,23.23,90.55,7713.08,14.34
20240329124015,0.02,1015.28,23.61,88.12,7418.92,13.16
20240329125015,0,1015.23,23.97,85.05,8112.08,15.61
20240329130015,0.02,1015.15,24.31,83.78,6773.42,11.2
20240329131015,0.02,1015.12,23.8,84.67,5919.67,8.37
20240329132015,0,1015.12,23.56,86.95,6722.08,11.42
20240329133015,0,1015.08,23.45,89.01,6594.5,10.64
20240329134015,0,1015.07,23.02,93.74,7479.42,13.23
20240329135015,0,1015.04,22.5,98.28,6125.75,9.3
20240329140015,0,1015.07,22.58,99.38,7499.33,14.04
20240329141015,0,1015.03,22.97,98.76,7981.92,15.45
20240329142015,0,1015.01,22.88,98.96,5533.67,7.96
20240329143015,0,1014.94,22.76,99.64,5057.08,6.72
20240329144015,0,1014.83,22.81,99.36,4478.83,5.23
20240329145015,0,1014.88,22.74,98.55,4055.65,4.23
20240329150015,0,1014.8,22.8,97.09,4202.17,4.62
20240329151015,0,1014.73,22.87,95.79,3722,3.62
20240329152015,0,1014.67,22.97,94.16,3548.08,3.39
20240329153015,0.03,1014.76,23.18,92.88,3740.92,3.68
20240329154015,0,1014.8,23.14,92.1,3066.42,2.53
20240329155015,0,1014.77,23.14,92.39,2867.16,2.14
20240329160015,0,1014.78,23.09,91.97,2610.33,1.84
20240329161015,0,1014.94,22.96,91.99,2153,1.29
20240329162015,0,1015.06,22.94,91.93,2263,1.46
20240329163015,0,1015.22,22.94,91.94,2043.25,1.19
20240329164015,0,1015.33,22.86,92.17,1782.67,0.92
20240329165015,0,1015.35,22.65,92.98,1497.33,0.66
20240331090015,0,1013.47,29.14,65.1,13832.58,43.91
20240331091015,0,1013.49,29.08,67.92,17322.58,72.16
20240331092015,0,1013.41,32.43,57.49,46573.5,585.1
20240331093015,0,1013.09,37.68,44.49,55232.2,803.75
20240331094015,0,1012.94,35.84,45.56,30636.19,213.35
20240331095015,0,1012.79,32.7,52.93,19019,78.67
20240331100015,0,1012.7,31.36,58.1,22354.92,108.64
20240331101015,0,1012.55,30.91,60.01,23388.75,125.81
20240331102015,0,1012.43,31.09,59.72,16800,62.7
20240331103015,0,1012.42,30.41,61.47,17125.25,66.33
20240331104015,0,1012.15,30.91,60.31,24460.89,162.67
20240331105015,0,1012.06,32.15,56.44,26800.21,220.45
20240331110015,0,1011.69,32.04,55.13,19656.83,90.02
20240331111015,0,1011.51,31.62,56.18,21000.75,150.85
20240331112015,0,1011.15,34.51,48.45,44998.16,702
20240331113015,0,1010.73,35.48,45.69,48907.14,980.27
20240331114015,0,1010.45,39.75,37.82,37729.43,465.3
20240331115015,0,1010.17,39.11,37.93,35250.99,587.37
20240331120015,0,1010.18,36.43,43.04,17715.75,75
20240331121015,0,1009.83,32.76,51.18,26580.66,258.33
20240331122015,0,1009.75,32.84,52.35,26669.45,328.62
20240331123015,1.41,1009.52,29.61,61.61,11228.83,31.29
20240331124015,0.49,1009.51,29.29,64.34,10439,27.26
20240331125015,0.75,1009.34,29.12,66.69,10729.42,28.73
20240331130015,0.79,1009.04,29.74,66.48,22622.45,187.57
20240331131015,0.31,1008.8,30.53,64.02,17527.92,78.24
20240331132015,0.85,1008.55,30.12,63.32,13334,44.41
20240331133015,0.51,1008.43,29.6,66.37,12148.58,37.05
20240331134015,0.61,1008.16,29.49,66.55,13729.58,47.47
20240331135015,0.55,1008.35,29.17,68.7,7514.25,15.48
20240331140015,0.57,1008.17,28.6,72.62,10846.17,32.7
20240331141015,0.32,1008.26,28.76,73.14,7690.92,15.71
20240331142015,0.25,1008.07,28.28,74.68,6883.42,12.48
20240331143015,0.35,1007.71,28.21,74.37,8323.42,17.97
20240331144015,0,1007.77,28.48,73.73,7868.33,15.94
20240331145015,0,1007.63,28.83,72.46,7385.42,14.33
20240331150015,0,1007.44,28.4,73.6,5556.08,7.94
20240331151015,0.09,1007.58,27.79,75.74,5258.58,6.88
20240331152015,0.76,1007.62,27.25,78.4,5877.17,9.16
20240331153015,0.23,1007.6,27.06,81.02,4625.83,5.85
20240331154015,0.35,1007.59,26.82,82.1,5310.92,7.59
20240331155015,0.04,1007.72,26.84,81.77,4423.42,5.41
20240331160015,0.48,1007.34,26.68,82.69,4696,5.98
20240331161015,0.54,1007.4,26.6,81.92,3258.33,2.97
20240331162015,0.18,1007.73,26.27,82.03,2652.75,1.9
20240331163015,0.3,1008.15,25.95,83.69,1948.25,1.05
20240331164015,0.59,1008.05,25.74,85.78,1660.08,0.75
20240331165015,0.19,1008.33,25.65,86.23,1180,0.42
20240401090015,0,1016.73,26.49,86.36,19902.78,101.73
20240401091015,0,1016.73,29.27,79.6,34374.97,295.98
20240401092015,0,1016.64,33.64,65.53,46457.07,516.3
20240401093015,0,1016.64,35.13,56.64,57051.59,818.45
20240401094015,0,1016.59,39.03,45.14,76147.79,1284.9
20240401095015,0,1016.32,41.66,35.39,93791.3,1673.24
20240401100015,0,1015.99,43.5,30.49,100113.42,1754.68
20240401101015,0,1015.9,44.48,27.05,101107.1,1773.12
20240401102015,0,1015.75,44.58,26.22,95612.43,1683.98
20240401103015,0,1015.73,44.08,26.63,66850.22,999.79
20240401104015,0,1015.66,39.15,30.86,47115.31,556.09
20240401105015,0,1015.66,35.78,37.02,35980.52,322.6
20240401110015,0,1015.68,34.16,39.28,30881,237.5
20240401111015,0,1015.69,34.43,35.5,32521.08,264.07
20240401112015,0,1015.56,34.34,38.19,33330.67,278.93
20240401113015,0,1015.4,33.44,41.59,32448.41,266.99
20240401114015,0.03,1015.15,33.1,43.06,38792.13,396.45
20240401115015,0.3,1014.91,34.25,41.29,53041.77,720.46
20240401120015,0.22,1014.57,37.2,36.92,85086.16,1651.74
20240401121015,0.17,1014.36,40.24,30.64,83377.4,1656.14
20240401122015,0.07,1014.12,38.96,31.85,50978.14,704.23
20240401123015,0.04,1014.06,34.87,39.12,36703.47,345.96
20240401124015,0.1,1013.89,33.88,41.3,28773.08,212.94
20240401125015,0.08,1013.78,33.05,43.51,27956.33,202.36
20240401130015,0.15,1013.68,33.22,42.29,27467.58,193.29
20240401131015,0.03,1013.61,32.8,43.98,24592.5,155.53
20240401132015,0.07,1013.48,33.1,42.25,25931.58,170.11
20240401133015,0,1013.31,33.21,42.22,27196.33,184.58
20240401134015,0,1013.21,33.74,42.17,24372.42,147.62
20240401135015,0.02,1013.06,32.69,44.18,21075.83,109.72
20240401140015,0,1013,31.89,46.1,15242.42,54.54
20240401141015,0,1012.88,31.22,48.01,16955.92,71.53
20240401142015,0.09,1012.78,30.56,49.01,16638.67,69
20240401143015,0.03,1012.72,29.99,51.41,14362.42,51.22
20240401144015,0.02,1012.64,29.33,54.11,12178.25,35.78
20240401145015,0,1012.59,28.78,55.57,9920.92,22.92
20240401150015,0,1012.51,28.63,57.76,8740.46,17.39
20240401151015,0,1012.44,28.5,59.36,10407,25.64
20240401152015,0,1012.34,28.39,58.87,9060.83,19.46
20240401153015,0,1012.23,28.24,59.56,8677.67,18.26
20240401154015,0,1012.13,28.18,60.25,9487.5,22.71
20240401155015,0.05,1012.17,27.91,60.47,10114.33,26.08
20240401160015,0,1012.19,27.7,61.18,9165.63,21.89
20240401161015,0,1012.18,27.64,62.1,8959.67,21.28
20240401162015,0,1012.3,27.3,63.93,8628.33,19.98
20240401163015,0,1012.51,27.14,64.8,6792.33,12.63
20240401164015,0,1012.52,26.86,64.67,5949,9.79
20240401165015,0,1012.55,26.49,66.23,4977.96,7
20240402090015,0,1014.36,42.17,32.54,90527.46,1691.38
20240402091015,0,1014.28,43.87,29.3,94006.93,1690.12
20240402092015,0,1014.17,44.77,26.14,98000.84,1732.44
20240402093015,0,1014.05,40.82,29.53,101460.54,1806.69
20240402094015,0,1013.96,40.74,29.23,104991.22,1827.85
20240402095015,0.02,1013.81,42.4,27.19,108233.86,1839.4
20240402100015,0.03,1013.7,42.26,27.31,113839.57,1915.14
20240402101015,0.22,1013.7,42.63,26.91,108674.99,1851.45
20240402102015,0.23,1013.61,43.07,26.64,106983.78,1827.94
20240402103015,0.23,1013.51,42.04,28.4,107450.6,1832.9
20240402104015,0.09,1013.43,41.39,30.08,105416.86,1818.82
20240402105015,0.15,1013.25,40.98,31.39,104709.29,1830.36
20240402110015,0.03,1013.04,43.8,28.06,104064.21,1784.14
20240402111015,0.08,1012.89,46.32,24.64,101487.14,1730.38
20240402112015,0.34,1012.74,39.81,33.78,100768.56,1810.9
20240402113015,0.27,1012.6,39.61,35.12,98299.66,1790.91
20240402114015,0.43,1012.41,39.96,34.33,95640.29,1767.66
20240402115015,0.37,1012.21,38.97,35.35,91873.86,1730.86
20240402120015,0.44,1011.99,37.87,37.14,90393.41,1732.63
20240402121015,0.34,1011.73,39.38,34.89,88270.05,1671.48
20240402122015,0.47,1011.57,38.55,36.58,85364.32,1605.85
20240402123015,0.44,1011.36,38.48,37.06,81291.52,1512.61
20240402124015,0.3,1011.23,37.73,38.96,75442.59,1376.22
20240402125015,0.41,1011.05,37.45,40.26,73330.11,1330.91
20240402130015,0.32,1010.91,36.3,42.99,50176.04,846.43
20240402131015,0.37,1010.82,32.7,53.93,14721,51.35
20240402132015,0.43,1010.67,31.46,58.96,13647,45.16
20240402133015,0.5,1010.57,31.43,59.93,19821.92,98.38
20240402134015,0.36,1010.34,32.34,55.48,22245.67,125.73
20240402135015,0.33,1010.19,32.71,55.47,22779.16,133.19
20240402140015,0.44,1010.03,32.22,57.38,22135.92,125.92
20240402141015,0.3,1009.95,32.69,55.66,21986.08,124.3
20240402142015,0.25,1009.89,31.86,59.05,18114.83,86.16
20240402143015,0.17,1009.87,32.19,58.87,16378.84,68.46
20240402144015,0.38,1009.69,31.44,60.94,15441.67,61.13
20240402145015,0.37,1009.54,30.43,64.3,12298.25,38.86
20240402150015,0.34,1009.51,30.12,67.22,12873.58,43.48
20240402151015,0.38,1009.51,30.39,67.08,13367.75,47.86
20240402152015,0.34,1009.46,30.35,66.72,11019.83,32.39
20240402153015,0.16,1009.46,30.02,69.17,6738.58,11.6
20240402154015,0.29,1009.44,29.33,72.1,4816.83,5.2
20240402155015,0.26,1009.35,28.97,73.93,6572.5,11.19
20240402160015,0.37,1009.22,29.33,72.21,7826.58,15.46
20240402161015,0.28,1009.19,28.87,73.15,5197.92,6.51
20240402162015,0.43,1009.15,28.46,75.28,5234.08,6.24
20240402163015,0.33,1009.13,28.08,77.97,4057.87,4.01
20240402164015,0.27,1009.18,28.31,78.02,5438.5,7.61
20240402165015,0.27,1009.17,28.12,79.23,3202.58,2.64
20240409140015,3.18,1017.8,23.34,91.17,11651.67,34.48
20240409141015,2.92,1017.77,23.58,89.36,12233.33,37.76
20240409142015,3.42,1017.83,23.32,90.54,10590.33,27.91
20240409143015,3.74,1017.75,23,92.42,10059.42,24.64
20240409144015,2.59,1017.74,22.84,93.71,9330.09,20.65
20240409145015,3.5,1017.73,22.75,94.66,9012.92,19.92
20240409150015,2.63,1017.81,22.88,92.85,9817.25,22.97
20240409151015,3.19,1017.81,23.38,90.86,15327.42,59.7
20240409152015,2.7,1017.86,23.81,88.46,12269.33,39.54
20240409153015,2.49,1017.96,23.18,90.68,6776.42,12.17
20240409154015,2.97,1017.91,22.92,91.62,8636.25,18.17
20240409155015,3.88,1017.88,22.99,90.95,7800.92,15.24
20240409160015,3.93,1018.05,22.89,91,6771.83,11.64
20240409161015,3.43,1018.04,22.85,90.42,5842.58,8.95
20240409162015,3.28,1018.02,22.85,91.06,4190.75,4.85
20240409163015,4.4,1018.12,22.68,91.55,3259.08,2.96
20240409164015,4.25,1018.21,22.41,93.16,2149.25,1.18
20240409165015,4.04,1018.33,22.24,95.13,1592,0.72
20240410090015,0,1020.11,23.24,100,6028.08,8.92
20240410091015,0,1020.15,23.15,100,5806.42,8.41
20240410092015,0,1020.16,23.49,100,7433.92,13.56
20240410093015,0,1020.18,23.69,100,6030,8.93
20240410094015,0,1020.16,23.73,100,5844.08,8.48
20240410095015,0,1020.08,23.23,100,3753.17,3.55
20240410100015,0,1019.86,22.94,100,4678.92,5.71
20240410101015,0,1019.79,23.38,100,6756.67,11.78
20240410102015,0,1019.67,23.45,100,7521.5,14.36
20240410103015,0,1019.61,23.83,100,8152.42,16.81
20240410104015,0,1019.54,24.59,100,8817.25,20.52
20240410105015,0,1019.44,24.82,100,8725,19.45
20240410110015,0,1019.44,25.25,99.86,8374.25,17.26
20240410111015,0,1019.39,25.07,99.97,8053.67,16.12
20240410112015,0,1019.35,25.3,100,7699.33,15.1
20240410113015,0,1019.36,25.41,100,8364.58,17.29
20240410114015,0,1019.31,25.25,100,7372.08,13.42
20240410115015,0,1019.29,25.06,100,6215.67,9.32
20240410120015,0,1019.14,24.68,100,5102.42,6.36
20240410121015,0,1018.98,24.69,100,6239.67,9.79
20240410122015,0,1018.83,25.03,100,7608.33,13.95
20240410123015,0,1018.68,25.45,100,7830.08,14.97
20240410124015,0,1018.58,25.56,99.9,7640,14.05
20240410125015,0,1018.43,25.7,99.7,7085.08,12.74
20240410130015,0,1018.42,24.7,100,3155.75,2.59
20240410131015,0.02,1018.22,22.49,100,3390.25,3.11
20240410132015,0.03,1018.08,22.16,100,4486.25,5.62
20240410133015,0,1017.89,22.7,100,8905.92,22.23
20240410134015,0.49,1017.94,23.88,100,11745.5,36.05
20240410135015,1.96,1017.85,23.52,100,10496.5,26.1
20240410140015,1.32,1017.72,23.6,100,9205.25,20.69
20240410141015,1.54,1017.58,23.74,100,8702.75,18.07
20240410142015,1.84,1017.48,23.82,100,9312.09,21.13
20240410143015,1.25,1017.37,24.11,100,11528.83,32.53
20240410144015,1.65,1017.33,24.61,100,12369.33,38.39
20240410145015,1.24,1017.23,24.63,99.76,10037.33,26.07
20240410150015,0.76,1017.16,24.57,99.36,7492.33,14.83
20240410151015,0.92,1017.15,24.23,99.66,5652.92,8.3
20240410152015,0.13,1017.09,24.06,100,5366.58,7.6
20240410153015,0.62,1017.12,23.88,100,4288.08,4.76
20240410154015,0.29,1017.16,23.65,100,3047,2.45
20240410155015,0,1017.22,23.59,100,4520.25,5.31
20240410160015,0.02,1017.28,23.94,100,4539.42,5.61
20240410161015,0.03,1017.32,23.98,100,4134.92,4.6
20240410162015,0,1017.41,23.99,100,3084,2.57
20240410163015,0,1017.44,23.69,100,2311.25,1.48
20240410164015,0,1017.44,23.46,100,2461.83,1.79
20240410165015,0,1017.43,23.46,100,1966.83,1.13
20240411090015,0,1017.39,45.38,28.89,72095.13,1346.4
20240411091015,0,1017.47,44.76,29.51,81909.83,1525.09
20240411092015,0,1017.36,44.8,27.9,85019.5,1565.34
20240411093015,0,1017.28,46.2,27.3,88583.6,1586.78
20240411094015,0,1017.21,45.25,25.82,89984.62,1615.86
20240411095015,0,1017.15,43.53,27.37,91476.03,1655.92
20240411100015,0,1017.1,43.39,26.94,92964.92,1679.56
20240411101015,0,1016.95,44.44,26.17,93762.02,1672.22
20240411102015,0,1016.8,44.8,25.85,94690.28,1665.17
20240411103015,0,1016.7,44.22,28.21,94807.8,1655.3
20240411104015,0,1016.54,43.25,29.07,94591.99,1689.01
20240411105015,0,1016.35,42.71,29.3,93653.84,1694.51
20240411110015,0,1016.37,41.67,32.06,92632.14,1681.62
20240411111015,0,1016.42,42.7,30.55,91143.25,1660.6
20240411112015,0,1016.38,42.69,30.23,88659.07,1617.54
20240411113015,0,1016.18,43.14,29.38,86768.58,1587.1
20240411114015,0,1016.08,42.22,31.02,83283.36,1540.8
20240411115015,0,1015.9,40.73,32.25,80782.65,1505.26
20240411120015,0,1015.95,41.29,32.03,77945.92,1454.21
20240411121015,0,1015.93,41.87,30.4,74225.49,1370.04
20240411122015,0,1015.79,41.07,32.27,65699.51,1182.67
20240411123015,0,1015.61,39.79,33.84,48096.31,728.6
20240411124015,0,1015.48,36.9,39.24,36141.69,402.05
20240411125015,0,1015.42,34.9,44.18,22199.13,134.72
20240411130015,0,1015.46,33.16,49.27,22187.75,105.13
20240411131015,0,1015.33,31.53,56.24,17818.08,66.56
20240411132015,0,1015.21,31.85,55.4,16140.75,55.45
20240411133015,0,1015.02,31.59,57.19,15019.67,47.92
20240411134015,0,1014.94,30.7,60.59,15082.42,49.17
20240411135015,0,1014.84,30.34,62.1,12630.25,33.94
20240411140015,0,1014.72,30.57,61.71,14231.17,43.48
20240411141015,0,1014.69,30.44,62.01,12509,31.56
20240411142015,0,1014.65,30.1,63.93,10853.5,23.13
20240411143015,0,1014.51,29.46,67.1,10397.75,22.84
20240411144015,0,1014.47,29.62,67.26,10985.5,26.83
20240411145015,0,1014.41,30.35,63.98,11373.5,30.65
20240411150015,0,1014.36,30.66,62.54,11494.42,32.89
20240411151015,0,1014.36,31.07,60.77,12610.25,40.7
20240411152015,0,1014.33,31.22,59.38,12779.75,42.95
20240411153015,0,1014.38,31.29,59.43,11637.58,35.72
20240411154015,0,1014.34,31.03,60.04,9138.25,20.84
20240411155015,0,1014.28,30.1,64.48,6912.25,10.47
20240411160015,0,1014.29,28.83,72.07,6329.75,8.46
20240411161015,0,1014.32,28.34,75.34,6303.33,8.82
20240411162015,0,1014.42,28.15,77.53,6038.58,8.36
20240411163015,0,1014.55,28.19,77.37,6108.67,9.21
20240411164015,0,1014.67,27.93,78.25,5005.25,6.07
20240411165015,0,1014.66,27.83,77.94,3850.09,3.18
20240413090015,0,1013.81,33.87,74.36,28795,213.99
20240413091015,0,1013.85,35.69,68.95,55436.45,870.9
20240413092015,0,1013.97,37.81,61.04,47732.91,585.11
20240413093015,0,1013.96,36.76,63.5,44486.18,570.5
20240413094015,0,1013.87,37.11,63.12,66474.13,1095.15
20240413095015,0,1013.87,39.23,56.26,76773.82,1377.34
20240413100015,0,1013.86,38.09,57.27,58411.55,837.07
20240413101015,0.43,1013.79,37.17,62.42,72735.16,1251.78
20240413102015,1.32,1013.7,40.54,52.28,88630.68,1644.15
20240413103015,1.95,1013.69,38.81,54.8,74504.01,1258.5
20240413104015,1.54,1013.62,36.75,61.84,51748.13,690.1
20240413105015,1.52,1013.56,35.22,67.6,39998.4,395.04
20240413110015,1.52,1013.45,36.38,65.69,75470.91,1337.48
20240413111015,1.9,1013.47,40.36,52.45,88676.14,1690.58
20240413112015,1.91,1013.42,39.12,55.04,77065.63,1379.06
20240413113015,2,1013.3,37.83,60.12,70467.51,1198.15
20240413114015,1.79,1013.23,38.52,57.67,80359.48,1526.13
20240413115015,1.69,1013.12,40.71,50.03,76005.48,1398.13
20240413120015,2.07,1013.01,40.07,50.62,75717.98,1424.98
20240413121015,1.92,1012.89,39.01,53.98,70233.19,1289.21
20240413122015,1.88,1012.72,39.36,53.51,66557.87,1185.29
20240413123015,1.52,1012.47,38.81,54.97,58163.4,917.57
20240413124015,1.56,1012.32,37.32,60.65,49866.16,703.42
20240413125015,1.37,1012.12,36.11,63.49,31625.26,273.15
20240413130015,1.38,1011.95,33.72,72.84,29042.42,198.95
20240413131015,2.21,1011.86,34.38,70.18,30565.92,245.34
20240413132015,1.79,1011.81,33.32,74.07,26202.08,177.67
20240413133015,2.26,1011.79,32.15,78.47,24843.58,156.79
20240413134015,1.42,1011.67,32.49,77.65,22381.76,116.65
20240413135015,1.8,1011.64,31.85,82.04,21364.92,109.06
20240413140015,1.15,1011.54,31.82,81.59,19390.58,88.54
20240413141015,1.5,1011.6,31.72,81.96,19359.42,91.36
20240413142015,1.18,1011.57,31.45,83.59,17750.75,77.79
20240413143015,1.53,1011.48,31.69,83.03,18247.42,84.62
20240413144015,2.13,1011.52,31.12,84.88,16678.25,71.46
20240413145015,1.85,1011.47,31.04,85.74,15405.83,61.89
20240413150015,2.15,1011.45,30.54,88.02,14736.75,56.49
20240413151015,0.81,1011.4,30.71,87.91,14816.75,55.97
20240413152015,1.24,1011.47,30.35,89.28,7910.25,18.02
20240413153015,1.18,1011.58,29.05,95.51,5745.5,8.9
20240413154015,0.69,1011.65,28.56,98.66,5934.92,9.85
20240413155015,0.77,1011.66,28.78,97.29,6880.08,13.38
20240413160015,0.63,1011.74,28.48,98.21,6240.17,10.61
20240413161015,1.1,1011.8,28.35,98.67,4259,5.43
20240413162015,0.39,1011.81,28.16,99.55,3869.25,4.32
20240413163015,0.7,1011.98,27.79,99.97,2390.92,1.72
20240413164015,0.46,1011.99,27.78,100,2860.08,2.38
20240413165015,0.48,1012.06,27.73,100,1921.17,1.11
20240414090015,0,1013.4,47.57,29.12,69426.4,1267.27
20240414091015,0,1013.38,44.96,31.65,70579.45,1300.08
20240414092015,0,1013.45,39.74,40.95,71622,1310.59
20240414093015,0,1013.49,41.46,37.11,75615.38,1402.51
20240414094015,0,1013.4,40.92,38.61,75633.16,1382.82
20240414095015,0,1013.38,42.03,36.95,79610.01,1469.07
20240414100015,0,1013.32,42.47,36.17,84161.31,1562.58
20240414101015,0,1013.13,42.21,37.26,84640.36,1561.74
20240414102015,0,1012.94,42.64,36.02,83153.09,1503.25
20240414103015,0,1012.82,42.98,35.73,86286.84,1564.16
20240414104015,0,1012.68,40.94,39.8,85360.72,1559.48
20240414105015,0,1012.55,41.78,37.6,88012.91,1626.33
20240414110015,1.73,1012.36,40.92,40.29,86321.87,1611.41
20240414111015,1.81,1012.2,42.88,35.92,81205.45,1442.18
20240414112015,2.97,1012.05,39.09,45.53,49912.69,581.05
20240414113015,2.49,1011.9,38.59,48.43,65398.88,1058.94
20240414114015,3.22,1011.87,39.08,47.03,55934.74,807.14
20240414115015,2.7,1011.71,38.49,50.17,64167.66,1064.66
20240414120015,1.92,1011.54,40.52,45.28,72425.56,1341.12
20240414121015,2.57,1011.46,40.71,43.95,69132.61,1249.22
20240414122015,2.4,1011.26,39.48,47.95,52887.43,799.45
20240414123015,3.44,1011.13,38.16,53,52203.38,789.01
20240414124015,2.23,1010.95,39.51,49.6,50819.34,786.29
20240414125015,2.88,1010.78,37.22,56.77,27549.5,182.76
20240414130015,2.23,1010.71,35.63,63.72,27030.83,184.52
20240414131015,2.45,1010.51,35.51,65.25,27315.75,185.93
20240414132015,3.85,1010.33,34.69,68.65,26487.5,172.66
20240414133015,3.67,1010.31,34.58,70.47,24760.92,152.75
20240414134015,1.89,1010.13,34.12,73.69,21385.33,112.81
20240414135015,1.82,1010.14,33.93,75.75,21415.08,116.75
20240414140015,4.03,1010.01,33.34,79.24,19288.75,91.51
20240414141015,3.37,1009.97,33.35,79.83,17601.02,82.06
20240414142015,2.98,1009.93,32.42,84.46,12519.42,40.66
20240414143015,3.22,1009.89,32.06,86.96,12357.5,40.38
20240414144015,3.02,1009.88,31.83,88.89,14014,53.31
20240414145015,2.11,1009.72,32.48,86.18,13897.17,50.1
20240414150015,2.36,1009.76,32.5,85.94,14171.75,52.1
20240414151015,2.31,1009.61,31.89,88.23,10498.42,28.55
20240414152015,2.79,1009.56,31.82,89.13,14202.92,55.54
20240414153015,2.52,1009.55,31.79,89.06,10983.25,32.07
20240414154015,2.56,1009.52,31.25,91.94,8106.83,16.98
20240414155015,2.27,1009.57,30.95,93.32,8431.83,18.23
20240414160015,1.78,1009.62,31.31,92.01,11023.5,32.17
20240414161015,2.26,1009.64,31.41,90.64,10168.34,27.01
20240414162015,2.41,1009.7,31.18,91.6,9156.33,22.69
20240414163015,2.77,1009.73,31.01,92.74,9243.42,24
20240414164015,2.49,1009.73,30.92,93.39,8979.33,22.44
20240414165015,2.25,1009.75,30.81,93.89,8640.83,20.81
20240415090015,0,1013.29,30.16,99.28,10754.83,31.61
20240415091015,0,1013.33,30.64,97.18,12070.5,39.6
20240415092015,0,1013.31,31.13,95.78,12420,41.92
20240415093015,0,1013.41,31.33,91.5,10230.92,28.59
20240415094015,0,1013.45,31.38,89.76,10480.67,31.05
20240415095015,0,1013.58,32.47,86.04,17646.92,86.32
20240415100015,0,1013.59,34.36,79.09,24308.83,156.14
20240415101015,0,1013.65,34.49,76.8,21133.5,120.1
20240415102015,0,1013.7,33.69,78.1,17875.67,85.38
20240415103015,0,1013.64,33.26,81.89,28189.58,215.75
20240415104015,0,1013.66,34.61,74.25,31816.93,268.85
20240415105015,0,1013.67,34.86,74.8,28758.67,215.77
20240415110015,0,1013.71,35.73,70.32,37603.62,388.72
20240415111015,0,1013.69,39.18,59.89,67562.68,1154.66
20240415112015,0,1013.69,40.65,50.62,63725.92,1062.15
20240415113015,0,1013.59,40.99,48.15,61461.75,965.52
20240415114015,0,1013.53,40.02,50.3,52736.12,740.88
20240415115015,0,1013.38,40.04,51.41,70110.47,1301.41
20240415120015,0,1013.16,40.96,48.79,69843.63,1271.53
20240415121015,0.02,1013.04,40.45,47.18,56985.39,1003.25
20240415122015,1.42,1012.91,38.88,52.58,61537.22,1098.48
20240415123015,2.46,1012.74,37.85,57.58,60560.07,1046.33
20240415124015,1.83,1012.6,38.59,56.01,54437.22,893.34
20240415125015,1.96,1012.55,35.2,68,23878.33,115.02
20240415130015,1.32,1012.35,33.44,78.05,22695.33,100.28
20240415131015,1.3,1012.33,32.21,87.02,20156.08,82.56
20240415132015,2.16,1012.23,31.65,90.75,21217.42,91.82
20240415133015,1.98,1012.15,32.1,90.45,20169.25,85.41
20240415134015,2.02,1012.02,32.48,87.86,20358.58,91.77
20240415135015,2.34,1012.06,32.06,85.73,21030.25,99.89
20240415140015,2.66,1011.96,31.82,88.04,20075.58,95.9
20240415141015,1.52,1011.95,32.28,85.98,20261.67,105.58
20240415142015,2.61,1011.93,32.12,84.29,18157.5,86.85
20240415143015,1.93,1011.94,31.83,84.71,17825.17,83.17
20240415144015,1.31,1011.84,31.83,84.62,14414.83,55.73
20240415145015,0.84,1011.82,32.08,83.95,12829.33,43.4
20240415150015,1.57,1011.8,31.52,85.71,12787.08,43.34
20240415151015,1.33,1011.85,30.93,88.22,11862.25,37.43
20240415152015,1.07,1011.85,30.65,89.07,9348.17,23.84
20240415153015,0.82,1011.87,30.79,88.88,10366.33,29.88
20240415154015,0.88,1011.84,30.92,87.75,10695.83,31.3
20240415155015,0.81,1011.73,30.74,89.58,10820.5,32.12
20240415160015,0.75,1011.74,30.72,89.46,9947.42,27.35
20240415161015,0.92,1011.73,30.47,91.67,9470.83,24.28
20240415162015,1.26,1011.75,30.23,92.92,8229.67,17.71
20240415163015,0.7,1011.8,29.75,96.34,7121.5,12.91
20240415164015,0.46,1011.93,29.91,95.98,6329.42,11.35
20240415165015,0.43,1012.04,29.64,95.85,4891.33,6.91
20240416090015,0,1013.26,36.57,68.41,26019.17,190.02
20240416091015,0,1013.18,37.75,62.95,32006.33,293.17
20240416092015,0,1013.14,38.71,58.77,30393.16,294.84
20240416093015,0,1013.15,37.29,62.75,21748.33,128.64
20240416094015,0,1013.13,36.93,60.79,23592.33,151.43
20240416095015,0,1013.15,37.43,61.02,25235.92,170.3
20240416100015,0,1013.11,37.04,61.96,18679.75,90.1
20240416101015,0,1013.05,35.28,67.64,16687.33,74.76
20240416102015,0,1012.98,34.38,71.82,18713.5,89.42
20240416103015,0,1012.83,33.48,76.66,22457.67,132.93
20240416104015,0,1012.77,34.47,74.91,27506.67,203.3
20240416105015,0,1012.64,36.2,66.68,32299.33,280.35
20240416110015,0,1012.47,36.41,63.83,37375.69,369.31
20240416111015,0,1012.35,39.99,51.78,65915.84,1143.78
20240416112015,0.24,1012.23,40.59,47.66,73656.06,1371.95
20240416113015,1.33,1012.05,41.52,44.13,69550.74,1229.31
20240416114015,1.17,1011.85,39.57,49.74,42090.68,482.62
20240416115015,1.67,1011.79,40.4,45.26,53106.5,844.71
20240416120015,2.01,1011.6,39.23,49.54,55554.83,909.31
20240416121015,2.14,1011.36,40.54,45.79,63898.68,1129.61
20240416122015,1.35,1011.25,42.51,42.37,67858.09,1237.87
20240416123015,1.34,1011.02,42.4,40.01,61910.43,1041.37
20240416124015,1.87,1010.78,40.75,42.99,40357.23,509.89
20240416125015,1.86,1010.54,37.2,55.73,24492.33,121.99
20240416130015,1.48,1010.29,35.4,62.14,23583.5,111.11
20240416131015,1.04,1010.1,35.59,62.56,19533.42,77.48
20240416132015,1.42,1009.97,34.79,65.14,18912.17,80.84
20240416133015,0.98,1009.81,34.69,65.88,19376.17,80.16
20240416134015,0.92,1009.67,34.73,64.67,18385.25,72.7
20240416135015,1.44,1009.56,34.3,65.64,16827.92,59.4
20240416140015,1.68,1009.5,33.96,67.69,16154.08,55.93
20240416141015,1.12,1009.47,33.99,68.63,15192,50.62
20240416142015,0.51,1009.51,34.23,66.82,14890.33,49.39
20240416143015,0.72,1009.45,34.54,66.01,14681.75,49.24
20240416144015,1.08,1009.47,33.77,68.61,13657.33,42.95
20240416145015,1.25,1009.48,33.55,69.96,13556.58,44.39
20240416150015,0.56,1009.35,33.44,69.4,11747.92,30.58
20240416151015,0.29,1009.44,33.2,71.37,10697.08,26.05
20240416152015,1.24,1009.52,32.75,74.5,10434.67,25.5
20240416153015,1.18,1009.56,32.22,80.98,9842.08,22.45
20240416154015,0.26,1009.57,32.03,84.08,8714.92,17.17
20240416155015,0.03,1009.61,31.55,85.11,8534.92,17.01
20240416160015,0.16,1009.67,31.75,82.79,8194.33,15.88
20240416161015,0.03,1009.7,31.71,82.81,7342.58,13.2
20240416162015,0.04,1009.69,31.48,83.62,6586.92,10.32
20240416163015,0.02,1009.64,31.28,85.62,6289.25,9.56
20240416164015,0,1009.64,31.27,85.59,5921.08,9.22
20240416165015,0,1009.69,31.18,89.09,5537.83,8.39
20240417090015,0,1010.76,48.24,29.13,83833.38,1553.17
20240417091015,0,1010.61,46.59,29.2,87662.16,1612.93
20240417092015,0,1010.54,48.42,26.45,90085.43,1621.14
20240417093015,0,1010.36,49.36,26.84,92598,1621.14
20240417094015,0,1010.05,47.01,28.88,94648.23,1673.61
20240417095015,0,1009.81,42.11,38.23,95352.61,1747.49
20240417100015,0,1009.57,41.69,40.23,96317.35,1747.63
20240417101015,0,1009.45,40.72,45.59,97300.06,1767.15
20240417102015,0,1009.37,40.81,44.93,98525.35,1767.17
20240417103015,0,1009.17,40.04,46.62,97946.03,1771.12
20240417104015,0,1009.04,39.16,47.56,95840.1,1772.04
20240417105015,0,1008.92,39.91,45.85,95084.88,1752.43
20240417110015,0,1008.77,40.31,45.36,94351.57,1739.5
20240417111015,0,1008.62,40.1,47.67,93429.06,1730.52
20240417112015,0,1008.34,39.54,48.93,93528.06,1734.65
20240417113015,0,1008.21,39.88,47.86,92135.84,1711.72
20240417114015,0,1008.13,39.65,48.95,87859.46,1654.88
20240417115015,0,1008,40.23,47.49,84431.56,1585.7
20240417120015,0,1007.82,40.25,48.17,80989.47,1532.94
20240417121015,0,1007.6,40.38,47.41,76321.19,1447.9
20240417122015,0,1007.43,39.97,48.29,72632.38,1362.1
20240417123015,0,1007.35,39.43,50.44,70807.12,1342.83
20240417124015,0,1007.19,39.53,49.9,46694.55,683.07
20240417125015,0,1007.02,37.26,58.19,31026.25,244.98
20240417130015,0,1006.95,36.57,60.73,26607.92,186.01
20240417131015,0,1006.72,35.78,63.78,20415.92,100.92
20240417132015,0,1006.62,35.03,66.35,18069,75.37
20240417133015,0,1006.53,34.71,65.38,16781.75,66.21
20240417134015,0,1006.47,34.29,67.45,15113.67,52.42
20240417135015,0,1006.46,34.12,68.71,14524.25,50.54
20240417140015,0,1006.46,33.64,72.91,14159.83,48.12
20240417141015,0,1006.49,33.56,74.64,11413.58,29.36
20240417142015,0,1006.44,32.87,78.79,9618.7,20.3
20240417143015,0,1006.3,32.72,80.43,9594,20.25
20240417144015,0,1006.26,32.11,83.07,9242.09,19.13
20240417145015,0,1006.29,31.64,85.62,9167.67,19.06
20240417150015,0,1006.37,31.67,86.14,10293.67,26.1
20240417151015,0,1006.34,31.73,86.72,9554.33,21.99
20240417152015,0,1006.31,31.61,87.32,8428.67,16.06
20240417153015,0,1006.32,31.19,89.88,7789.75,13.29
20240417154015,0,1006.35,31.55,88.36,8931.5,20.26
20240417155015,0,1006.31,31.66,87.79,8500.42,17.69
20240417160015,0,1006.37,31.79,87.34,8649.33,19.72
20240417161015,0,1006.39,31.51,89.22,8492,19.81
20240417162015,0,1006.38,31.28,88.48,7018.33,12.4
20240417163015,0,1006.43,30.95,90.84,5636.67,7.82
20240417164015,0,1006.61,30.69,92.52,5470.42,7.77
20240417165015,0,1006.66,30.61,93.6,4805.58,6.16
20240418090015,0,1009.72,25.83,100,1273.25,0.53
20240418091015,0,1010.26,24.6,100,1105.25,0.34
20240418092015,0,1010.43,24.04,100,4371.42,6.58
20240418093015,0,1010.41,24.29,100,18596.92,88.54
20240418094015,0,1010.47,24.44,100,15798.92,69.21
20240418095015,0,1010.58,24.2,100,11766.67,41.49
20240418100015,0,1010.59,23.94,100,6873,12.17
20240418101015,0,1010.71,24.25,100,7193.08,13.28
20240418102015,0,1010.72,24.07,100,6526.25,10.76
20240418103015,0,1010.55,24.4,100,8759.58,19.73
20240418104015,0,1010.53,24.61,100,10926.67,30.95
20240418105015,0,1010.54,24.67,100,8172.67,17.44
20240418110015,0,1010.53,24.71,100,10534.83,28.23
20240418111015,0,1010.43,25.14,100,18225.33,83.64
20240418112015,0,1010.3,25.58,100,17171.08,78.18
20240418113015,0,1010.26,25.69,100,12778.25,43.57
20240418114015,0,1010.35,25.09,100,7086.58,12.71
20240418115015,0,1010.37,24.92,100,6142.5,9.32
20240418120015,0,1010.42,25.14,100,8132.25,15.82
20240418121015,0,1010.49,25.12,100,6263.17,9.44
20240418122015,0,1010.45,25.14,100,9493.83,23.84
20240418123015,0,1010.5,25.38,100,10614,28.5
20240418124015,0,1010.54,25.33,100,7646.83,15.08
20240418125015,0,1010.55,24.93,100,4569.08,5.2
20240418130015,0,1010.55,24.69,100,4178.33,4.24
20240418131015,0,1010.61,24.7,100,5245.42,6.63
20240418132015,0,1010.54,24.85,100,5128.5,6.26
20240418133015,0,1010.52,24.84,100,5004.75,5.95
20240418134015,0,1010.58,24.68,100,3358.5,2.77
20240418135015,0,1010.58,24.62,100,2592.25,1.59
20240418140015,0,1010.6,24.58,100,3217.83,2.45
20240418141015,0,1010.75,24.71,100,4361.92,4.73
20240418142015,0,1010.76,24.69,100,4891.33,6.25
20240418143015,0,1010.78,24.1,100,5348.34,7.1
20240418144015,0,1010.92,23.4,100,4573.33,4.61
20240418145015,0,1010.97,22.76,100,3322.83,2.64
20240418150015,0,1010.9,22.99,100,3734.75,3.47
20240418151015,0,1010.87,23.5,100,3017.83,2.37
20240418152015,0,1010.81,23.84,100,2832.33,2.1
20240418153015,0,1010.81,23.87,100,3585.33,3.52
20240418154015,0,1010.81,23.94,100,4517.5,5.49
20240418155015,0,1010.89,24.32,100,3630.5,3.73
20240418160015,0,1011.09,24.37,100,3015.5,2.63
20240418161015,0,1011.24,24.29,100,2712.08,2.07
20240418162015,0,1011.32,23.49,100,1389.17,0.56
20240418163015,0,1011.38,22.72,100,1122.42,0.4
20240418164015,0,1011.38,23.06,100,1124.33,0.41
20240418165015,0,1011.5,23.29,100,923.5,0.3
20240419090015,0,1013.36,31.87,73.69,16148.33,72.59
20240419091015,0,1013.3,32.11,70.34,18247.92,90.94
20240419092015,0,1013.37,32.83,71.15,18257.83,91.42
20240419093015,0,1013.47,33.27,64.59,21890.67,128.5
20240419094015,0,1013.5,33.42,61.01,20678.25,114.85
20240419095015,0,1013.37,34.06,62.62,22675.08,139.38
20240419100015,0,1013.31,34.55,57.5,23147.5,145.88
20240419101015,0,1013.14,34.24,55.92,24423.75,164.33
20240419102015,0,1013.03,34.81,60.13,21310.08,126.25
20240419103015,0,1012.96,34.93,56.97,20797.17,118.43
20240419104015,0,1012.82,34.89,55.06,23572.17,150.22
20240419105015,0,1012.66,35.1,57.03,29240.67,227.71
20240419110015,0,1012.5,37.47,51.66,33220.41,292.21
20240419111015,0,1012.27,37.71,44.98,30623.75,249.84
20240419112015,0,1012.12,35.86,47.14,28382.08,214.65
20240419113015,0,1012.05,36.79,44.48,37725.5,388.99
20240419114015,0,1011.8,36.11,44.97,44900.45,537.45
20240419115015,0,1011.68,35.45,47.93,40446.64,429.11
20240419120015,0,1011.58,35.13,48.15,39077.55,402.72
20240419121015,0,1011.44,34.72,50.36,38858.28,403.18
20240419122015,0,1011.2,33.69,54.4,32872.83,289.35
20240419123015,0,1010.99,33.19,57.73,31866.66,271.47
20240419124015,0,1010.83,33.15,61.81,31516.17,264.65
20240419125015,0,1010.71,32.61,63.47,27294.25,195.98
20240419130015,0,1010.77,32.16,63.65,22851.75,135.18
20240419131015,0,1010.69,31.52,66.1,22852.92,135.83
20240419132015,0,1010.45,31.77,64.86,27505,194.15
20240419133015,0,1010.31,31.7,65.31,24115.33,150.03
20240419134015,0,1010.28,30.49,70.56,22813.5,134.94
20240419135015,0,1010.13,29.84,76.14,21884.33,124.48
20240419140015,0,1009.97,29.3,81.06,21175.08,118.38
20240419141015,0,1009.98,28.05,91.43,9415.42,24.23
20240419142015,0,1009.78,28.09,91.98,10562.08,29.61
20240419143015,0,1009.82,28.17,91.49,9343.5,23.16
20240419144015,0,1009.83,28.17,91.46,8595.58,19.77
20240419145015,0,1009.84,28.32,89.47,6861,12.97
20240419150015,0,1009.78,28.37,88.54,6313.67,10.76
20240419151015,0,1009.73,28.12,88.22,5387.83,7.77
20240419152015,0,1009.76,28.1,88.51,4871.5,6.39
20240419153015,0,1009.81,28.01,91.22,3609.08,3.58
20240419154015,0,1009.87,27.71,93.75,3556.5,3.48
20240419155015,0,1009.87,27.72,95.25,4194.58,4.93
20240419160015,0,1009.93,27.93,92.93,4209.75,4.79
20240419161015,0,1010.08,27.66,93.72,3449,3.34
20240419162015,0,1010.15,27.57,92,3523.25,3.48
20240419163015,0,1010.15,27.43,91.65,2750.25,2.13
20240419164015,0,1010.22,27.22,93.69,2519.25,1.88
20240419165015,0,1010.11,27.2,94.45,2939.58,2.43
20240420090015,0,1009.88,47.96,24.61,86332.48,1621.41
20240420091015,0,1009.88,49.12,24.11,90306.45,1645.01
20240420092015,0,1009.84,49.4,24.76,90457.74,1615.64
20240420093015,0,1009.67,47.76,25.87,83942.63,1482.1
20240420094015,0,1009.6,48.76,25.64,91023.94,1597.17
20240420095015,0,1009.52,45.8,26.6,71997.55,1200.74
20240420100015,0,1009.39,43.77,29.52,85040.88,1533.46
20240420101015,0,1009.3,42.29,32.82,77062.22,1334.85
20240420102015,0,1009.15,40.46,37.87,78811.48,1369.58
20240420103015,0,1009.1,40.13,38.49,88698.24,1625.9
20240420104015,0,1009.04,41.34,36.21,90940.56,1644.92
20240420105015,0,1008.88,41.44,36.36,83779.66,1495.41
20240420110015,0,1008.85,40.3,39.85,87395.51,1600.8
20240420111015,0,1008.77,41.79,37.39,96059.14,1759.74
20240420112015,0,1008.7,42.02,37.65,92941.92,1695.4
20240420113015,0,1008.58,41.46,39.27,85968.61,1580.37
20240420114015,0,1008.46,40.27,42.84,79700.21,1453.81
20240420115015,0,1008.35,41.63,40.66,80972.94,1466.36
20240420120015,0,1008.32,42,39.65,78317.52,1423.24
20240420121015,0,1008.27,40.44,42.55,72096.56,1287.7
20240420122015,0,1008.16,43.03,38.35,76233.32,1423.44
20240420123015,0,1007.96,40.75,42.11,50220.36,797.86
20240420124015,0,1007.74,40.11,43.93,54002.81,838.3
20240420125015,0,1007.7,38.35,48.99,27066.57,207.69
20240420130015,0,1007.78,36.56,55.94,27542.17,194.82
20240420131015,0,1007.72,35.95,57.92,24175.08,146.69
20240420132015,0,1007.61,34.68,63.6,23206.92,136.16
20240420133015,0,1007.57,34.96,62.95,24010,147.98
20240420134015,0,1007.51,34.91,63.93,20822.25,110.61
20240420135015,0,1007.54,34.76,63.42,20510.67,106.32
20240420140015,0,1007.45,34.59,63.46,17376.25,75.61
20240420141015,0,1007.38,34.28,64.11,16609.58,71.19
20240420142015,0,1007.42,34.11,63.95,15876.58,64.41
20240420143015,0,1007.45,33.71,67.05,14644.42,55.16
20240420144015,0,1007.42,33.3,70.8,11964.67,35.48
20240420145015,0,1007.36,32.96,72.46,12039.42,36.6
20240420150015,0,1007.25,33.05,70.88,13535.67,46.9
20240420151015,0,1007.25,33.41,68.43,14131.17,51.19
20240420152015,0,1007.11,33.11,70.06,10674.75,28.71
20240420153015,0,1007.2,32.44,73.8,7920.67,14.89
20240420154015,0,1007.23,31.57,80.34,6223.5,8.7
20240420155015,0,1007.14,30.9,87.22,5651.08,7.48
20240420160015,0,1007.04,30.93,87.43,9559.25,21.86
20240420161015,0,1007.18,31.42,85.48,8694.67,18.14
20240420162015,0,1007.21,31.03,86.7,5595.83,7.16
20240420163015,0,1007.27,30.49,89.56,4916.58,5.32
20240420164015,0,1007.22,30.11,91.55,4293.08,4.05
20240420165015,0,1007.27,29.88,93.6,3862.75,3.38
20240421090015,0,1010.71,39.72,43.91,35172.82,350.23
20240421091015,0,1010.77,38.83,44.7,24335.33,168.51
20240421092015,0,1010.76,37.43,51.45,23884.33,158.76
20240421093015,0,1010.73,37.12,51.84,24161.75,164.12
20240421094015,0,1010.76,38.22,50.36,31428.33,269.22
20240421095015,0,1010.71,39.65,46.61,40013.39,428.41
20240421100015,0,1010.64,41.43,38.7,47116.88,578.67
20240421101015,0,1010.63,42.68,35.78,61190.42,940.69
20240421102015,0,1010.5,42.02,35.59,64935.47,1037.06
20240421103015,0,1010.38,40.89,38.21,54058.09,764.06
20240421104015,0,1010.45,41.07,37.08,55358.3,788.04
20240421105015,0,1010.51,40.3,37.85,40863.56,443.46
20240421110015,0,1010.39,39.08,44.46,54865.78,781.84
20240421111015,0,1010.19,38.32,47.3,44400.39,607.72
20240421112015,0,1010.15,36.14,55.2,32586,270.39
20240421113015,0,1010.2,37.96,51.91,68716.1,1220.86
20240421114015,0,1010.13,42.24,39.62,82598.39,1465.94
20240421115015,0,1010.01,42.31,38.18,92487.31,1702.21
20240421120015,0,1009.94,41.8,39.01,90720.09,1711.56
20240421121015,0,1009.79,41.73,40.52,84930.92,1628.66
20240421122015,0,1009.69,43.19,38.3,81243.73,1531.48
20240421123015,0,1009.58,40.57,43.92,76299.99,1437.76
20240421124015,0,1009.54,41.52,43.14,71305.75,1323.51
20240421125015,0,1009.36,41.46,42.86,19545.35,210.34
20240421130015,0,1009.32,34.69,65.11,10368,26.05
20240421131015,0,1009.17,32.91,76.28,9861.08,23.22
20240421132015,0,1009.21,32.6,80.31,9580.33,21.72
20240421133015,0,1009.28,32.11,84.41,9350.33,21
20240421134015,0,1009.31,32.1,83.51,9194,20.83
20240421135015,0,1009.32,32.15,83.74,9046.08,20.4
20240421140015,0,1009.32,32.12,83.87,8988.08,20.59
20240421141015,0,1009.3,32.03,82.99,8405.25,17.65
20240421142015,0,1009.3,31.74,83.8,8530.08,18.15
20240421143015,0,1009.27,31.44,83.35,7423.83,12.94
20240421144015,0,1009.23,31.46,83.21,7530.5,13.9
20240421145015,0,1009.25,31.65,81.28,8033,15.99
20240421150015,0,1009.31,30.88,86.12,9428.67,22.79
20240421151015,0,1009.37,31.3,83.45,8486.58,18.07
20240421152015,0,1009.36,30.76,86.66,6763,11.52
20240421153015,0,1009.4,30.22,90.95,5495.33,7.12
20240421154015,0,1009.49,30.14,94.54,5720,7.82
20240421155015,0,1009.54,30.01,96.03,5771.58,7.87
20240421160015,0,1009.67,29.93,96.95,5226.33,6.3
20240421161015,0,1009.74,29.67,97.26,4706.92,5.08
20240421162015,0,1009.87,29.49,98.54,3651,2.92
20240421163015,0,1009.89,29.19,99.92,3491,2.86
20240421164015,0,1009.97,29.17,100,5278.92,7.16
20240421165015,0,1010.04,29.64,99.49,6002,9.15
20240422090015,0,1010.19,48.26,28.89,70912.41,1279.4
20240422091015,0,1010.16,48.73,28.03,73626.41,1309.81
20240422092015,0,1010.18,46.92,28.2,71618.76,1285.64
20240422093015,0,1010,42.12,36.58,66979.05,1143.01
20240422094015,0,1009.96,41.88,38.06,60130.44,935.57
20240422095015,0,1009.91,41.27,39.29,61263.91,957.74
20240422100015,0,1009.81,41.78,38.91,75804.22,1364.82
20240422101015,0,1009.83,43.73,35.37,86682.33,1618.4
20240422102015,0,1009.93,42.17,39.08,91040.47,1702.8
20240422103015,0,1009.98,43.08,37.72,89469.1,1660.19
20240422104015,0,1009.87,40.82,43.16,50870.14,703.93
20240422105015,0,1009.79,38.11,51.78,32338.63,279.04
20240422110015,0,1009.71,37.06,55.64,44171.31,534.04
20240422111015,0,1009.63,38.98,49.39,62443.02,986.27
20240422112015,0,1009.59,40.42,44.77,65359.17,1064.8
20240422113015,0,1009.5,40.83,43.5,75775.3,1385.95
20240422114015,0,1009.3,42.51,39.95,84768.3,1625.23
20240422115015,0,1009.24,42.54,40,74218.66,1347.55
20240422120015,0,1009.07,39,49.66,33643.59,315.97
20240422121015,0,1008.92,36.13,61.79,39265.32,427.41
20240422122015,0,1008.82,37.25,58.79,44425.14,542.16
20240422123015,0,1008.51,38.14,56.54,36114.62,341.46
20240422124015,0,1008.42,37.44,58.86,40839.5,477.27
20240422125015,0,1008.4,37.53,59.77,33061.28,321.13
20240422130015,0,1008.25,36.83,62.42,28714.25,216.85
20240422131015,0,1008.14,35.91,66.11,28128.25,213.97
20240422132015,0,1008.06,36.22,64.76,30775.5,254.01
20240422133015,0,1007.98,36.13,65.04,23360.25,149.81
20240422134015,0,1008.1,34.4,72.88,16185.67,66.53
20240422135015,0,1007.96,34.12,75.01,16278.25,67.78
20240422140015,0,1008.04,33.89,76.5,17247.25,78.31
20240422141015,0,1007.93,34.62,73.61,21902.17,125.88
20240422142015,0,1007.78,34.43,74.37,16985.66,76.47
20240422143015,0,1007.43,34.44,74.98,22090,128.48
20240422144015,0,1007.3,34.65,73.82,19210.83,94.25
20240422145015,0,1007.38,34.62,74.18,18162.67,85.55
20240422150015,0,1007.44,34.3,75.04,16572.5,73.66
20240422151015,0,1007.42,33.23,81.93,15360.5,62.64
20240422152015,0,1007.48,32.65,85.21,9829.75,27.4
20240422153015,0,1007.63,30.98,94.1,2978.25,2.41
20240422154015,0,1007.72,29.06,97.83,1402.08,0.65
20240422155015,0,1007.7,27.85,100,631,0.14
20240422160015,0,1007.68,26.8,100,794.92,0.22
20240422161015,0,1007.8,26.7,100,652.08,0.17
20240422162015,0,1007.83,26.27,100,636.33,0.16
20240422163015,0,1007.89,25.54,100,708.5,0.18
20240422164015,0,1008,24.9,100,775.67,0.22
20240422165015,0,1008.01,24.72,100,1965.83,1.27
20240425090015,0,1011.82,23.95,100,5146.67,6.68
20240425091015,0,1011.72,24.36,100,10635.08,31.92
20240425092015,0,1011.54,25.49,100,16697,76.76
20240425093015,0,1011.46,25.84,100,13855.5,51.38
20240425094015,0,1011.7,24.94,100,9465.75,22.83
20240425095015,0,1011.61,24.05,100,9825.83,24.29
20240425100015,0,1011.5,24.47,100,14407.33,54.7
20240425101015,0,1011.42,25.3,100,19436.08,100.95
20240425102015,0,1011.19,25.74,100,27494.16,196.7
20240425103015,0,1010.86,27.3,100,34935.41,315.22
20240425104015,0,1010.43,27.62,100,23882.67,147.21
20240425105015,0,1010.16,28.53,100,21962.25,123.49
20240425110015,0,1009.98,27.85,100,14489.58,54.17
20240425111015,0,1009.8,28.48,100,20196.75,106.04
20240425112015,0,1009.67,29.88,99.77,21191.83,117.51
20240425113015,0,1009.6,30.98,96.92,24214.92,152.86
20240425114015,0,1009.58,31.14,96.85,21841.5,122.08
20240425115015,0,1009.65,31.87,90.68,26741.42,192.25
20240425120015,0,1009.52,36.61,79.64,72032.44,1228.4
20240425121015,0,1009.17,39.25,61.8,45136.38,549.87
20240425122015,0,1009.27,36.34,70.13,32786.83,286.69
20240425123015,0,1009.18,38.19,66.85,46979.12,617.5
20240425124015,0,1009.13,38.78,58.94,43517.46,518.07
20240425125015,0,1009,40.74,53.52,63740.01,1146.36
20240425130015,0,1008.65,40.21,49.62,21916.75,137.92
20240425131015,0,1008.34,36.74,58.42,23643.58,147.94
20240425132015,0,1008.24,34.93,63.61,16860.5,73.53
20240425133015,0,1008.12,33.51,67.96,15318.58,61.91
20240425134015,0,1007.94,34.08,67.75,19254.83,97.56
20240425135015,0,1007.85,34.01,66.63,16459.83,70.03
20240425140015,0,1007.73,32.05,72.44,12902.17,41.87
20240425141015,0,1007.78,30.78,80.88,17219.83,74.51
20240425142015,0,1007.88,30.67,84.76,13171.58,43.68
20240425143015,0,1008,29.76,92.08,15353.25,62.67
20240425144015,0,1008.05,29.88,91.35,17888.5,85.04
20240425145015,0,1008.04,29.53,92.84,12824,44.76
20240425150015,0,1008.2,28.91,96.77,9038.83,21.53
20240425151015,0,1008.41,27.99,100,7096.08,12.71
20240425152015,0,1008.66,27.5,100,4287.25,4.57
20240425153015,0,1009.02,26.82,100,2931.75,1.9
20240425154015,0,1009.14,26.07,100,1848.33,0.84
20240425155015,0,1009,25.15,100,1704,0.79
20240425160015,0,1008.89,24.71,100,2255.42,1.29
20240425161015,0,1009.05,24.38,100,1798.08,0.75
20240425162015,0,1009.14,24.26,100,1206,0.39
20240425163015,0,1009.03,24.13,100,1015.67,0.3
20240425164015,0,1009.13,24.11,100,993.5,0.32
20240425165015,0,1009.12,24.18,100,606.92,0.16
20240426090015,0,1007.33,30.08,85.69,16132.33,71.18
20240426091015,0,1007.22,28.71,94.09,15444.58,63.95
20240426092015,0,1007.17,28.86,96.86,17472.83,81.74
20240426093015,0,1007.16,29.87,93.91,22063.42,131.7
20240426094015,0,1007.16,31.15,87.81,27255.67,201.35
20240426095015,0,1006.99,32.68,78.48,39820.23,431.56
20240426100015,0,1006.98,35.71,66.5,44800.35,537.05
20240426101015,0,1006.84,34.95,64.65,28695.75,221.26
20240426102015,0,1006.7,32.73,70.39,22445,137.6
20240426103015,0,1006.74,31.81,76.53,21585,124.59
20240426104015,0,1006.8,31.99,76.05,20925.75,116.04
20240426105015,0,1006.78,31.49,77.9,21277.83,119.41
20240426110015,0,1006.72,30.77,83.27,18850.75,94.45
20240426111015,0,1006.73,30.9,83.6,15918.67,67
20240426112015,0,1006.78,30.69,82.5,13589.42,48.27
20240426113015,0,1006.95,30.95,84.65,12965.92,43.14
20240426114015,0,1007.26,31.36,87.18,14003.17,49.86
20240426115015,0,1006.96,31.27,85.42,16294.25,68.77
20240426120015,0,1006.4,28.58,98.08,15205.83,61.42
20240426121015,0,1006.34,27.49,100,12865.75,44.21
20240426122015,0,1006.68,27.26,100,12537.67,41.37
20240426123015,0,1006.81,27.3,100,10866.92,31.24
20240426124015,0,1006.73,27.76,100,10593.42,28.26
20240426125015,0,1006.43,27.92,100,10927.67,30.22
20240426130015,0,1006.22,27.79,100,12213.25,37.64
20240426131015,0,1006.01,28.29,100,11961.58,35.95
20240426132015,0,1005.8,28.58,100,12094.83,37.19
20240426133015,0,1005.87,27.51,100,12953.5,44.77
20240426134015,0,1005.78,27.13,100,12744.66,41.6
20240426135015,0,1005.82,27.27,100,10208.42,26.85
20240426140015,0,1005.99,27.55,100,7733.42,14.81
20240426141015,0,1006.38,27.41,100,6554.42,10.41
20240426142015,0,1006.54,27.02,100,6332.33,9.61
20240426143015,0,1006.46,26.54,100,5639.42,8.06
20240426144015,0,1005.98,26.09,100,5565.75,7.99
20240426145015,0,1005.61,25.84,100,5174.08,6.95
20240426150015,0,1005.38,25.77,100,4910.75,6.54
20240426151015,0,1004.75,26.01,100,5918.83,9.32
20240426152015,0,1004.54,26.64,100,7213.58,14.01
20240426153015,0,1004.54,27.13,100,6133.67,10.25
20240426154015,0,1004.87,26.5,100,4365,5.16
20240426155015,0,1004.96,25.91,100,5072.75,7.1
20240426160015,0,1004.95,26.15,100,5759.17,9.12
20240426161015,0,1004.57,26.24,100,4169.08,4.82
20240426162015,0,1004.99,26.43,100,3589.08,3.69
20240426163015,0,1005.28,26.19,100,2643.92,2.08
20240426164015,0,1005.02,26,100,2916.08,2.48
20240426165015,0,1004.9,25.9,100,2583.25,2.05
20240427090015,0,1009.74,30.36,98.27,15649.42,66.06
20240427091015,0,1009.9,31.51,99.54,16669.25,74.9
20240427092015,0,1010.1,31.45,97.56,12551.83,42.52
20240427093015,0,1010.18,30.98,97.37,11872.25,37.66
20240427094015,0,1010.25,30.73,99.94,12531.08,42.03
20240427095015,0,1010.31,31.36,99.27,16178.67,70.23
20240427100015,0,1010.28,32.17,95.38,15143.33,60.72
20240427101015,0,1009.45,31.99,93.54,14703.17,57.46
20240427102015,0,1009.75,31.85,93.81,14323.25,54.72
20240427103015,0,1010.3,32.03,95.69,15987.33,66.92
20240427104015,0,1010.25,32.18,89.57,16836.67,74.61
20240427105015,0,1010.48,32.44,91.28,17577.25,81.37
20240427110015,0,1010.56,33.14,87.49,20495.17,110.78
20240427111015,0,1010.6,33.76,84.78,20373,110.57
20240427112015,0,1010.31,34.09,80.69,22196.25,131.5
20240427113015,0,1009.93,34.83,81.18,20000.17,107.7
20240427114015,0,1010.09,33.55,84.46,10906.5,34.54
20240427115015,0,1010.05,32.78,88.94,13338.92,51.15
20240427120015,0,1009.82,33.44,88.36,17293.17,81.07
20240427121015,0,1009.55,33.87,85.89,17633.08,86.57
20240427122015,0,1009.32,34.88,82.13,17910.42,90.16
20240427123015,0,1009.33,33.73,82.56,14597.25,61.46
20240427124015,0,1009.26,32.13,88.48,14135.08,55.17
20240427125015,0,1009.17,32.22,89.39,14819.42,60.02
20240427130015,0,1009.12,33.55,82.78,24103.17,159.12
20240427131015,0,1008.92,35.87,71.85,25159.5,176.03
20240427132015,0,1008.83,35.36,76.09,16463.33,79.78
20240427133015,0,1008.8,34.12,80.69,11475.92,39.07
20240427134015,0,1008.69,32.73,84.61,15509.25,70.1
20240427135015,0,1008.62,32.29,86.99,10777.33,33.53
20240427140015,0,1008.61,30.64,94.59,6330.5,12.04
20240427141015,0,1008.54,29.53,98.98,4313.58,5.64
20240427142015,0,1008.39,29.54,99.94,7390,15.58
20240427143015,0,1008.31,29.71,99.02,6977.92,13.29
20240427144015,0,1008.28,29.73,99.96,7020.91,14.14
20240427145015,0,1008.27,30.04,99.35,7552.5,16.16
20240427150015,0,1008.29,29.82,99.41,6625.83,12.13
20240427151015,0,1008.25,29.67,100,6739.25,12.25
20240427152015,0,1008.29,29.26,100,5433.67,8.29
20240427153015,0,1008.09,28.77,100,6318.08,11.12
20240427154015,0,1007.92,29.29,100,9600.92,25.9
20240427155015,0,1007.74,29.16,100,6019.58,10.11
20240427160015,0,1007.73,29.05,100,7880.92,17.27
20240427161015,0,1007.45,29.03,100,7948.17,18.12
20240427162015,0,1007.43,29.57,100,7851.58,17.24
20240427163015,0,1007.34,28.77,100,4995.58,6.4
20240427164015,0,1007.4,27.9,100,4399.83,4.85
20240427165015,0,1007.4,27.67,100,4603.42,5.73
20240428090015,0,1011.62,28.93,100,10792.75,30.21
20240428091015,0,1011.63,29.08,100,13432,47.47
20240428092015,0,1011.68,30.11,100,17050.92,73.45
20240428093015,0,1011.7,30.6,99.87,11764.17,35.73
20240428094015,0,1011.7,29.38,100,11435.67,34.31
20240428095015,0,1011.74,28.75,100,7179.42,13.48
20240428100015,0,1011.6,27.66,100,4721.42,5.5
20240428101015,0,1011.52,27.4,100,5498.92,7.55
20240428102015,0,1011.33,27.76,100,9475.58,25.69
20240428103015,0,1011.51,30.42,100,21961.17,124.28
20240428104015,0,1011.35,34.98,91.96,40740.05,431.18
20240428105015,0,1011.13,40.4,65.18,65426.37,1069.58
20240428110015,0,1011.03,44.31,48.44,62731.42,996.55
20240428111015,0,1011.09,42.94,48.03,43593.67,499.35
20240428112015,0,1011.19,40.88,49.37,36351.07,403.92
20240428113015,0,1011.25,38.51,55.7,27594.58,203.42
20240428114015,0,1011.06,39.02,53.68,31086.58,261.46
20240428115015,0,1011.13,38.18,56.65,33600.91,303.8
20240428120015,0,1011.06,36.17,60.75,30898.25,260.74
20240428121015,0,1011.15,37.33,57.18,38216.03,396.02
20240428122015,0,1011.06,38.32,53.79,33862.08,308.28
20240428123015,0,1011.08,36.34,57.73,24017.17,157.02
20240428124015,0,1010.75,33.88,63.62,22315.42,134.6
20240428125015,0,1010.49,33.07,71.74,23204.17,144.87
20240428130015,0,1010.55,32.27,76.19,19619.17,104.41
20240428131015,0,1010.46,31.61,80.42,16554.67,74.75
20240428132015,0,1010.27,31.22,81.84,13775.58,51.83
20240428133015,0,1010.27,30.8,85.86,13077.58,45.76
20240428134015,0,1010.28,30.94,87.13,11451.42,35
20240428135015,0,1010.23,31.04,88.55,10549.25,30.18
20240428140015,0,1009.99,30.82,88.9,9718.75,25.76
20240428141015,0,1009.86,30.25,93.56,9226.75,23.17
20240428142015,0,1009.68,30.08,93.54,9257.08,23.8
20240428143015,0,1009.66,30.73,90.56,10565.08,31.09
20240428144015,0,1009.63,31.74,84.95,14175.83,57.76
20240428145015,0,1009.32,33.35,74.81,18755.08,96.29
20240428150015,0,1009.14,33.44,70.98,15184.58,63.94
20240428151015,0,1008.88,34.11,66.93,16425.67,74.94
20240428152015,0,1008.73,34.5,65.09,14755.92,60.62
20240428153015,0,1008.48,34.22,64.71,13664.67,51.7
20240428154015,0,1008.43,33.23,68.28,12872.67,44.82
20240428155015,0,1008.32,32.11,75.96,10388.25,29.3
20240428160015,0,1008.21,31.62,78.49,11574.17,37.26
20240428161015,0,1008.29,30.94,82.78,8720.08,21.36
20240428162015,0,1008.31,29.89,90.18,6403.58,11.45
20240428163015,0,1008.32,29.3,95.36,6449.83,11.99
20240428164015,0,1008.21,29.29,94.76,6015.67,10.6
20240428165015,0,1008.15,29.13,92.76,4842.67,6.98
20240429090015,0,1009.75,49.4,26.99,87675.28,1599.89
20240429091015,0,1009.63,48.61,27.73,77402.73,1431.34
20240429092015,0,1009.48,45.18,30.82,91312.16,1674.74
20240429093015,0,1009.43,46.68,29.98,92782.54,1663.64
20240429094015,0,1009.3,46.81,29.52,93815.56,1688.91
20240429095015,0,1009.19,45.29,32.42,94669.98,1696.39
20240429100015,0,1009.17,45.28,32.46,95345.78,1692.74
20240429101015,0,1009.19,45.95,30.17,96245.12,1712.25
20240429102015,0,1009.06,45.08,30.15,96982.2,1708.44
20240429103015,0,1008.99,45.48,29.18,96584.37,1705.23
20240429104015,0,1008.9,45.11,30.48,95087.75,1697.24
20240429105015,0,1008.72,46.03,29.82,91984.01,1695.34
20240429110015,0,1008.58,42.43,37.13,88424.94,1670.24
20240429111015,0,1008.56,44.05,37.44,90571.31,1661.33
20240429112015,0,1008.52,45.2,33.72,89638.55,1644.66
20240429113015,0,1008.42,43.85,36.66,63396.21,1126.89
20240429114015,0,1008.39,39.61,45.22,62294.08,1180.95
20240429115015,0,1008.31,41.89,42.19,75536.67,1408.36
20240429120015,0,1008.1,43.21,41.17,69174.67,1298.7
20240429121015,0,1008.02,42.58,43.86,73515.37,1367.65
20240429122015,0,1007.85,42.43,44.36,71053.83,1314.03
20240429123015,0,1007.77,42.68,43.31,67923.49,1248.66
20240429124015,0,1007.57,42.33,45.02,65550.18,1191.25
20240429125015,0,1007.33,42.78,44.16,62423.25,1106.05
20240429130015,0,1007.17,41.89,45.45,39132.11,567.18
20240429131015,0,1007.1,36.37,62.58,15919.5,47.06
20240429132015,0,1007.06,33.6,79.96,16860.09,53.31
20240429133015,0,1007.03,33.11,83.95,17587.92,61.79
20240429134015,0,1006.97,33.14,85.34,16912.42,58.77
20240429135015,0,1006.86,33.05,86.33,15249.67,48.16
20240429140015,0,1006.84,32.71,88.21,13998,40.65
20240429141015,0,1006.79,31.79,94.77,11619,27.26
20240429142015,0,1006.64,31.34,99.1,10515,22.23
20240429143015,0,1006.62,31.44,98.42,9893.08,19.82
20240429144015,0,1006.54,31.33,99.15,9305,17.49
20240429145015,0,1006.38,31.03,100,8721.91,15.61
20240429150015,0,1006.32,30.88,100,8508.67,15.24
20240429151015,0,1006.3,30.98,100,8578.67,16.12
20240429152015,0,1006.16,31.38,99.77,8366.75,16.36
20240429153015,0,1006.19,31.39,99.1,8013.83,14.6
20240429154015,0,1006.35,30.65,99.96,6030.83,8.14
20240429155015,0,1006.47,30.48,100,7693.83,15.25
20240429160015,0,1006.41,31.15,100,10804.08,29.4
20240429161015,0,1006.36,31.23,100,8771.5,18.41
20240429162015,0,1006.4,30.37,100,5545.67,7.01
20240429163015,0,1006.54,30.11,100,6095.75,8.52
20240429164015,0,1006.5,30.06,100,5399.58,6.7
20240429165015,0,1006.46,29.61,100,4003.33,3.54
20240430090015,0,1006.59,50.26,26.31,74681.54,1413.27
20240430091015,0,1006.51,49.88,26.09,76387.49,1443.48
20240430092015,0,1006.54,49.36,25.57,79174.8,1492.4
20240430093015,0,1006.43,46.75,28.73,81382.62,1552.4
20240430094015,0,1006.32,43.6,33.04,80683.1,1539.65
20240430095015,0,1006.26,44.06,32.25,76963.93,1427.52
20240430100015,0,1006.07,42.03,35.71,75372.8,1389.6
20240430101015,0,1006.02,41.23,37.86,71769.34,1281.91
20240430102015,0,1005.91,42.17,37.12,85802.58,1640.46
20240430103015,0,1005.87,42.31,37.23,87748.95,1664.56
20240430104015,0,1005.71,41.95,38.74,86263.12,1636.28
20240430105015,0,1005.58,42.65,39.04,85511.48,1634.66
20240430110015,0,1005.57,42.18,40.22,85073.41,1630.65
20240430111015,0,1005.32,41.52,41.82,83406.62,1584.8
20240430112015,0,1005,41.82,41.25,84052.24,1604.99
20240430113015,0,1004.84,42.36,39.28,82987.77,1583.59
20240430114015,0,1004.73,43.45,36.85,81426.47,1539.77
20240430115015,0,1004.56,42.89,37.56,78671.32,1508.12
20240430120015,0,1004.23,42.06,41.02,76437.98,1458.19
20240430121015,0,1004.03,40.88,45.8,74375.71,1408.52
20240430122015,0,1003.81,41.94,44.57,72763.38,1383.94
20240430123015,0,1003.74,40.71,47.76,45904.26,634.51
20240430124015,0,1003.55,38.91,53.91,47537.28,816.82
20240430125015,0,1003.37,39.29,54.29,57217.17,978.77
20240430130015,0,1003.27,39.3,53.9,42089.11,599.26
20240430131015,0,1003.3,36.55,65.19,17393.5,64.73
20240430132015,0,1003.3,34.76,75.08,17328.58,65.58
20240430133015,0,1003.35,34.28,77.7,16478.17,58.62
20240430134015,0,1003.29,33.54,81.16,16301.42,58.29
20240430135015,0,1003.32,33.93,79.43,16089.5,57.46
20240430140015,0,1003.3,33.53,82.07,13412.33,37.51
20240430141015,0,1003.35,33.67,81.41,12907.92,33.95
20240430142015,0,1003.27,33.31,84.57,10672.83,23.81
20240430143015,0,1003.16,32.92,86.01,11246.92,29.51
20240430144015,0,1003.25,33.25,83.32,11435.17,31.3
20240430145015,0,1003.36,33.48,80.67,13411.67,47.57
20240430150015,0,1003.43,34.51,73.04,11746.66,35.4
20240430151015,0,1003.47,33.82,75.59,13395.92,51.36
20240430152015,0,1003.36,35.15,70.26,12665.42,47.86
20240430153015,0,1003.28,34.17,73.66,9236,26.57
20240430154015,0,1003.27,33.8,77.49,10496.66,31.38
20240430155015,0,1003.48,32.76,86.53,7343.75,14.41
20240430160015,0,1003.52,31.62,94.79,5184,7.54
20240430161015,0.04,1003.78,30.63,99.97,2183.33,1.41
20240430162015,0,1003.99,30.12,100,1527.67,0.68
20240430163015,0,1004.05,29.66,100,1668.75,0.82
20240430164015,0,1003.95,29.29,100,1693.67,0.88
20240430165015,0,1003.94,29.42,100,1763.67,0.99
20240501090015,0,1008.68,33.01,79.75,27417.58,211.75
20240501091015,0,1008.44,32.42,78.41,19124.08,103.07
20240501092015,0,1008.45,32.45,77.58,22513.25,141.2
20240501093015,0,1008.48,32.76,75.54,23866.08,160.98
20240501094015,0,1008.81,32.73,69.74,19284.5,106.11
20240501095015,0,1009.06,32.6,70.97,21576.25,133.83
20240501100015,0,1009.24,33.17,78.23,30291.42,255.04
20240501101015,0,1009.52,32.99,79.73,43786.32,536.92
20240501102015,0,1009.56,34.2,69.48,35961.14,352.26
20240501103015,0,1009.89,34.48,67.74,36441.38,367.6
20240501104015,0,1009.99,34.34,72.41,28619.33,221.72
20240501105015,0,1010.08,33.51,79.78,24783.92,167.85
20240501110015,0,1009.94,32.62,85.23,22792.42,141.94
20240501111015,0,1009.83,31.74,89.02,15223.25,66.5
20240501112015,0,1009.88,30.44,94.37,10202.42,29.87
20240501113015,0,1009.98,29.13,99.54,6217.25,11.89
20240501114015,0,1010.04,28.36,100,8345.92,21.49
20240501115015,0,1010.1,29.29,100,19980.92,103.56
20240501120015,0,1010.11,30.78,97.67,23867.92,148.74
20240501121015,0,1010.01,31.35,95.07,27893.5,209.75
20240501122015,0,1009.99,31.85,92.38,32359.33,280.7
20240501123015,0,1010.03,33.04,84.98,43899.1,532.12
20240501124015,0,1009.96,35.08,76,50713.48,800.75
20240501125015,0,1009.9,32.49,83.63,22648.08,143.13
20240501130015,0,1009.86,29.81,96.04,21024.08,111.09
20240501131015,0,1009.89,28.67,99.71,10728.58,31.65
20240501132015,0,1009.83,28.61,100,14561.84,55.84
20240501133015,0,1009.85,27.05,100,6399.92,11.19
20240501134015,0,1009.78,26.97,100,5295.5,7.78
20240501135015,0,1009.67,26.8,100,3211.25,2.85
20240501140015,0,1009.75,26.19,100,2899.17,2.3
20240501141015,0,1009.81,25.96,100,2041.25,1.19
20240501142015,0,1009.73,25.76,100,3808.08,4.17
20240501143015,0,1009.61,25.39,100,5109.16,7.24
20240501144015,0,1009.6,25.11,100,4208.58,5.05
20240501145015,0,1009.59,25.1,100,3713.17,3.92
20240501150015,0,1009.61,24.71,100,2653.67,2.06
20240501151015,0,1009.68,24.29,100,2477.42,1.81
20240501152015,0,1009.8,24.24,100,1818.42,0.93
20240501153015,0,1009.9,24.27,100,1597.25,0.74
20240501154015,0,1010.04,23.92,100,1807.75,0.85
20240501155015,0,1010.07,23.42,100,1907.33,0.9
20240501160015,0,1010.17,23.25,100,1880.58,0.78
20240501161015,0,1010.24,23.23,100,1573.75,0.68
20240501162015,0,1010.33,23.26,100,1507.67,0.61
20240501163015,0,1010.47,23.14,100,1534,0.79
20240501164015,0,1010.58,22.89,100,1320.75,0.59
20240501165015,0,1010.65,22.85,100,1688.92,0.68
20240503090015,0.25,1016.16,28.19,100,20602.42,117.63
20240503091015,0.67,1016.1,29.22,100,30222.25,252.28
20240503092015,0.97,1015.95,33.4,97.21,65999.4,1147.49
20240503093015,0.77,1015.77,36.38,80.49,51415.45,711.88
20240503094015,0.83,1015.71,34.54,82,33434.66,293.47
20240503095015,0.83,1015.67,32.26,88.81,26502.16,191.22
20240503100015,1.15,1015.64,31.64,89.33,28668.58,224.98
20240503101015,1.4,1015.7,30.79,91.48,27289.92,207.65
20240503102015,1.38,1015.66,31.53,89.84,29349.58,239
20240503103015,0.9,1015.58,31.76,90.49,28070.17,218.04
20240503104015,0.72,1015.44,32.55,87.54,27171.42,208.63
20240503105015,1.82,1015.43,31.92,88.17,25469.25,183.67
20240503110015,1.4,1015.47,31.3,91.18,27308.08,207.28
20240503111015,1.44,1015.51,31.81,86.41,27632.91,207.94
20240503112015,1.21,1015.44,31.05,89.6,21456.75,126.34
20240503113015,1.06,1015.33,30.56,91.59,19914,109.56
20240503114015,1.09,1015.26,29.52,95.3,16110.08,71.86
20240503115015,1.23,1015.13,29.07,98.44,17292.75,81.99
20240503120015,1.23,1014.87,29.71,95.99,20867.25,117.22
20240503121015,0.85,1014.85,30.11,94.84,19513.5,104.54
20240503122015,0.61,1014.84,30.71,91.23,18901.33,100.7
20240503123015,0.73,1014.7,30.88,91.32,22022.25,133.22
20240503124015,0.54,1014.49,31.53,88.08,20804.83,119.16
20240503125015,0.62,1014.25,31.42,88.07,18971.08,99.87
20240503130015,0.77,1014.01,30.78,90.66,18760.58,97.89
20240503131015,1,1013.92,30.29,92.38,17064.75,79.55
20240503132015,0.83,1013.82,29.75,95.15,13105.5,48.61
20240503133015,0.97,1013.71,28.43,99.7,9637.92,26.29
20240503134015,0.95,1013.58,28.09,100,11213.92,34.56
20240503135015,0.96,1013.51,27.77,100,9164.33,22.99
20240503140015,0.77,1013.49,27.23,100,6565.08,11.6
20240503141015,0.75,1013.4,26.97,100,5915.42,9.14
20240503142015,1.05,1013.32,26.07,100,5273.08,6.75
20240503143015,0.59,1013.28,24.68,100,7379.42,9.98
20240503144015,0.35,1013.17,24.58,100,7743.67,11.96
20240503145015,0.25,1013.08,24.63,100,6997,13.49
20240503150015,0.04,1013.08,24.68,100,5909.25,9.82
20240503151015,0,1013,24.85,100,6489,11.63
20240503152015,0.02,1012.98,24.96,100,5896.33,9.18
20240503153015,0.02,1012.96,24.83,100,4396.42,5.01
20240503154015,0.03,1012.91,25.05,100,5191.42,7.27
20240503155015,0,1012.83,25.47,100,4483.42,5.47
20240503160015,0,1012.88,25.55,100,2899.67,2.33
20240503161015,0,1012.86,25.35,100,2205.5,1.39
20240503162015,0.02,1012.91,25.02,100,1599.42,0.72
20240503163015,0,1012.95,24.79,100,1150.33,0.42
20240503164015,0.04,1012.97,24.49,100,1186.75,0.45
20240503165015,0.03,1013.05,24.44,100,1611.25,0.77
20240504090015,0.29,1012.58,48.48,29.8,80347.8,1460.97
20240504091015,0.87,1012.48,43.1,37.53,47557.9,652.68
20240504092015,0.83,1012.44,39.83,44.18,67379.15,1125.32
20240504093015,0.7,1012.3,43.27,37.58,86178.48,1597.66
20240504094015,0.56,1012.27,44.55,34.92,76513.45,1289.38
20240504095015,0.41,1012.2,44.45,33.87,70302.73,1135.04
20240504100015,0.89,1012.03,42.97,36.27,51858.89,667.74
20240504101015,1.24,1011.89,39.32,43.29,49282.35,606.16
20240504102015,0.79,1011.76,39.61,43.43,66168.84,1027.48
20240504103015,0.95,1011.75,44.2,35.07,95516.3,1765.41
20240504104015,1.31,1011.74,44.51,34.12,92574.28,1706.93
20240504105015,2.1,1011.68,43.08,35.92,90168.98,1678.92
20240504110015,1.52,1011.58,42.51,38.15,89702.87,1662.3
20240504111015,1.43,1011.56,43.9,35.42,89002.09,1633.35
20240504112015,1.53,1011.52,44.38,34.33,85385.88,1609.57
20240504113015,1.8,1011.44,43.86,34.26,82010.81,1542.85
20240504114015,1.82,1011.33,41.71,38.05,60849.73,940.86
20240504115015,0.81,1011.25,43.79,36.87,74052.81,1367.71
20240504120015,1.2,1011.12,45.57,31.32,76657.02,1424.48
20240504121015,1.12,1011.01,46.5,31.9,78972.66,1499.87
20240504122015,0.99,1010.83,44.97,35.02,63482.51,1160.83
20240504123015,0.77,1010.7,41.9,40.56,31163.93,260.48
20240504124015,0.9,1010.59,39.09,48.1,37649.41,496.82
20240504125015,0.98,1010.52,35.17,58.66,20796.33,114.49
20240504130015,0.52,1010.26,34.1,64.31,18032.25,76.86
20240504131015,0.56,1010.12,34.54,62.41,19220.75,91.93
20240504132015,0.35,1009.97,35.51,59.94,21117.75,112.09
20240504133015,0.3,1009.81,34.76,62.5,17461.67,74.41
20240504134015,0.3,1009.66,34.03,65.48,14207.17,42.99
20240504135015,0.15,1009.55,34.44,65.94,16958.08,75.77
20240504140015,0.6,1009.5,34.24,63.72,10662.67,31.26
20240504141015,1.57,1009.4,33.17,68.37,12920.25,43.31
20240504142015,0.71,1009.3,32.58,73.13,10185.92,22.7
20240504143015,0.65,1009.24,32.33,75.11,9536.5,19.21
20240504144015,0.9,1009.26,32.12,76.84,9284.67,19.05
20240504145015,0.16,1009.28,32.39,76.69,8961.5,17.65
20240504150015,0.47,1009.25,31.98,79.77,8618.67,16.16
20240504151015,0.77,1009.24,31.85,80.7,7903.67,14.2
20240504152015,0.66,1009.25,31.15,86.88,7948.5,14.7
20240504153015,0.61,1009.19,31.51,84.87,9934.58,24.69
20240504154015,0.8,1009.13,31.92,80.54,10630.25,29.69
20240504155015,0.41,1009.12,31.96,79.58,7669.08,16.33
20240504160015,0.11,1009.04,31.6,79.05,5181,7.59
20240504161015,0.28,1009.04,31.12,79.56,4291,5.18
20240504162015,0.29,1009.1,29.83,96.24,3541,3.59
20240504163015,0.15,1009.19,28.69,100,3165.75,2.86
20240504164015,0.02,1009.22,28.77,100,2614.75,1.78
20240504165015,0.06,1009.24,28.86,100,2762.5,1.9
20240505090015,1.57,1011.99,31.82,99.7,21670.08,127.04
20240505091015,1.24,1012,32.44,97.17,26573.5,189.2
20240505092015,1.51,1012.19,33.72,89.04,34294.17,309.53
20240505093015,2.03,1012.16,33.23,90.03,29725.83,235.96
20240505094015,1.43,1012.14,33.74,87.95,25146.83,171.77
20240505095015,1.07,1011.94,34.47,83.01,31959.5,275.93
20240505100015,0.88,1011.87,36.91,71.1,42220.03,467.91
20240505101015,1.01,1011.8,37.69,65.67,38708.11,398.51
20240505102015,0.47,1012.02,38.08,65.74,35119.86,337.37
20240505103015,0.86,1011.83,37.57,63.74,30636.75,252.59
20240505104015,0.48,1011.91,38.37,62.87,45034.91,559.02
20240505105015,0.97,1011.71,41.07,50.74,54720.2,789.06
20240505110015,1.24,1011.58,39.1,56.78,54879.26,784.64
20240505111015,1.12,1011.51,41.09,51.32,63822.66,1013.47
20240505112015,1.37,1011.49,41.63,49.64,80397.94,1462.33
20240505113015,2.05,1011.35,39.27,55.13,45492.02,544.45
20240505114015,1.58,1011.16,37.4,61.09,29606.75,240.06
20240505115015,1.66,1010.85,34.92,73.13,26355.17,186.92
20240505120015,1.04,1010.82,36.07,69.68,31152.08,264.17
20240505121015,0.83,1010.78,36.64,66.8,30095.1,247.63
20240505122015,0.91,1010.68,38.11,60.18,45078.49,557.81
20240505123015,1.12,1010.66,39.95,53.94,49403.22,667.43
20240505124015,1.66,1010.6,38.33,57.38,31055.44,256.63
20240505125015,1.74,1010.24,36.11,66.91,28567,219.52
20240505130015,1.29,1010.06,36.71,65.91,34715.76,345.12
20240505131015,1.05,1009.81,37.8,60.64,30706.2,376.23
20240505132015,1.11,1009.49,35.69,66.05,15393.83,66.02
20240505133015,1.1,1009.56,35.8,69.6,23157.42,150.29
20240505134015,1.09,1009.31,35.37,69.54,19805.42,109.78
20240505135015,2.24,1009.16,34.94,71.32,15558,69.22
20240505140015,1.37,1009.08,33.48,77.89,10946.58,32.78
20240505141015,1.71,1009,32.97,80.55,13960.25,54.74
20240505142015,0.86,1008.88,34.16,73.81,18300.25,95.58
20240505143015,0.48,1008.86,35.67,68.8,19855.42,112.45
20240505144015,0.62,1008.8,35.39,67.88,16923.75,77.52
20240505145015,0.72,1008.8,34.57,70.81,14084.08,52.78
20240505150015,0.31,1008.7,34.49,71.63,15402.17,63.47
20240505151015,0.3,1008.58,34.89,70.04,14705.83,59.46
20240505152015,0.06,1008.53,34.86,72.06,14697.42,58.91
20240505153015,0.45,1008.51,34.76,72.09,14448.75,57.45
20240505154015,0.42,1008.54,34.57,73.2,12545.92,44.44
20240505155015,0.58,1008.61,33.44,78.64,9773.17,27.49
20240505160015,0.23,1008.56,33.27,80.73,11233,35.45
20240505161015,0.03,1008.37,33.89,80.31,11986,42.06
20240505162015,0,1008.14,33.74,79.94,7533.43,17.82
20240505163015,0.11,1008,32.78,83.03,6486.25,12.41
20240505164015,0.25,1008.1,32.7,85.04,6491.16,11.96
20240505165015,0.58,1008.33,31.63,92.84,4261.25,5.38
20240506090015,0.79,1011.19,47.55,30.78,90989.08,1648.2
20240506091015,0.91,1011.17,46.68,31.7,89827.22,1642.95
20240506092015,0.9,1011.26,46.16,33.51,90684.15,1649.95
20240506093015,1.13,1011.33,45.44,35.6,94280.95,1703.96
20240506094015,1.65,1011.31,44.81,35.73,92356.14,1684.62
20240506095015,1.21,1011.27,45.32,34.89,96240.8,1738.57
20240506100015,1.06,1011.3,46.66,33.49,97703.64,1732.16
20240506101015,0.81,1011.32,46.01,36.56,97946.4,1721.4
20240506102015,0.92,1011.37,47.23,35.19,97257.83,1694.17
20240506103015,1.31,1011.43,45.44,37.91,98242.88,1730.81
20240506104015,1.49,1011.46,44.26,41.26,98646.82,1740.1
20240506105015,1.25,1011.44,45.89,36.91,97721.25,1742.73
20240506110015,1.02,1011.5,46.18,36.59,70900.36,1127.21
20240506111015,1.19,1011.46,42.67,43.69,75430.36,1365.14
20240506112015,1.24,1011.44,44.62,41,90426.3,1658.47
20240506113015,1.32,1011.33,44.42,41.63,88809.65,1639.94
20240506114015,1.5,1011.26,44.25,42.84,86400.04,1595
20240506115015,1.73,1011.18,42.61,47.8,83599.97,1576.22
20240506120015,1.77,1011.01,42.63,46.09,82470.81,1558.73
20240506121015,1.43,1010.92,42.68,46,74077.25,1341.94
20240506122015,1.87,1010.91,43.64,42.54,74473.64,1381.82
20240506123015,1.17,1010.86,42.89,44.32,55285.92,1109.41
20240506124015,1.41,1010.75,42.74,45.68,69049.77,1297.04
20240506125015,1.32,1010.72,43.12,44.84,65512.45,1193.75
20240506130015,1.04,1010.57,43.61,43.76,62803.29,1108.79
20240506131015,1.56,1010.55,42.88,45.56,45388.3,673.96
20240506132015,1.63,1010.49,37.33,62.79,21613.17,133.13
20240506133015,1.57,1010.39,34.51,79.55,12192,38.48
20240506134015,1.09,1010.35,33.66,88.41,12217.67,37.73
20240506135015,1.67,1010.42,32.87,96.6,11712.5,34.41
20240506140015,1.26,1010.35,32.48,98.83,9994.83,24.92
20240506141015,1.24,1010.24,32.14,100,9007.67,20.2
20240506142015,1.11,1010.17,32.11,100,8625.33,18.42
20240506143015,1.8,1010.05,31.48,100,7677.58,14.58
20240506144015,1.57,1009.99,31.28,100,7274.58,13.25
20240506145015,1.21,1010.02,31,100,7527.08,13.94
20240506150015,1.67,1010.06,31.07,100,7161.58,11.75
20240506151015,1.24,1010.01,31.05,100,7240,12.82
20240506152015,1.15,1010.08,31.16,100,7067.5,12.81
20240506153015,1.16,1010.13,31.29,100,7426,14.2
20240506154015,1.52,1010.18,30.91,100,6982.58,12.49
20240506155015,1.16,1010.18,30.74,100,5787.08,8.27
20240506160015,1.26,1010.24,30.53,100,5488.92,7.66
20240506161015,1.09,1010.33,30.67,100,6907.58,12.54
20240506162015,1,1010.33,30.43,100,5946.42,9.23
20240506163015,0.95,1010.43,30.28,100,4340.58,5.14
20240506164015,1.18,1010.57,29.95,100,3972.33,4.41
20240506165015,1.38,1010.63,29.88,100,4327.42,5.18
20240507090015,1.14,1015.34,43.42,41.71,84465.88,1606.77
20240507091015,1.43,1015.28,43,41.9,86479.46,1649.15
20240507092015,1.5,1015.29,42.24,44.32,88607.5,1671.82
20240507093015,1.46,1015.33,42.19,44.61,90001.33,1677.08
20240507094015,1.51,1015.22,42.45,43.56,91798.03,1699.41
20240507095015,1.75,1015.13,41.71,44.61,83902.02,1517.54
20240507100015,1.92,1015,42.18,42.93,92045.28,1727.12
20240507101015,1.8,1014.98,41.18,46.09,81340.76,1449.14
20240507102015,1.3,1014.96,40.92,47.09,74411.65,1289.06
20240507103015,2.08,1014.99,40.75,46.94,83273.65,1524.65
20240507104015,2.34,1015.03,41.39,44.86,90587.3,1660.46
20240507105015,1.97,1015.11,40.13,47.09,68390.68,1187.55
20240507110015,1.79,1015.12,41.54,43.92,82871.69,1566.18
20240507111015,2.09,1015.06,41.37,43.25,61816.19,994.35
20240507112015,2.1,1014.83,38.13,50.6,56305.62,881.36
20240507113015,1.86,1014.91,37.62,52.04,38061.31,437.24
20240507114015,1.52,1015.09,35.82,55.73,37560.41,424.09
20240507115015,1.14,1014.88,40.84,44.67,79213.44,1474.43
20240507120015,1.91,1014.83,38.12,49.84,38638.47,389.77
20240507121015,1.28,1014.77,37.92,50.68,54336.48,820.32
20240507122015,1.52,1014.71,38.55,47.93,39032.28,444.58
20240507123015,1.6,1014.63,36.61,52.86,32070.33,292.52
20240507124015,1.31,1014.52,35.74,57.18,29783.33,246.61
20240507125015,1.29,1014.43,34.91,59.7,27504.08,209.06
20240507130015,1.53,1014.34,34.89,60.26,26393.33,195.22
20240507131015,1.72,1014.24,33.29,66.92,19881.25,106.02
20240507132015,1.13,1014.11,33.15,72.09,20714,115.02
20240507133015,1.69,1013.99,32.79,75.44,18778.58,95.5
20240507134015,1.19,1013.93,31.74,82.18,14220.08,55.27
20240507135015,1.55,1013.92,31.2,85.45,13800,50.55
20240507140015,1.37,1013.93,30.99,88.73,11191,33.64
20240507141015,1.12,1013.93,30.36,94.94,9850.17,25.8
20240507142015,1.03,1013.82,30.47,96.01,12846.58,42.25
20240507143015,1.18,1013.75,30.65,95.35,12965.42,43.94
20240507144015,1.32,1013.73,30.47,96.78,12389.75,40.06
20240507145015,1.38,1013.68,30.07,99.99,14936.08,59.78
20240507150015,1.58,1013.76,30.66,96.68,13651.5,51.23
20240507151015,1.68,1013.78,29.95,99.62,11218.67,33.56
20240507152015,1.67,1013.73,29.92,99.85,14961.92,60.21
20240507153015,1.39,1013.61,30.46,98.68,16405,71.54
20240507154015,1.77,1013.48,30.23,98.99,15131.42,61.38
20240507155015,1.47,1013.52,30.01,98.75,10612.5,30.95
20240507160015,1.55,1013.42,29.15,100,7680.83,16
20240507161015,1.37,1013.47,29.3,100,9532.75,24.99
20240507162015,1.61,1013.58,29.6,98.84,9672.33,27.23
20240507163015,1.42,1013.67,29.3,98.66,6870.92,13.39
20240507164015,1.37,1013.66,28.96,99.84,6809.92,13.26
20240507165015,1.39,1013.67,28.85,99.71,6041.83,10.53
20240508090015,1.64,1015.78,25.46,100,2275.67,1.34
20240508091015,0.58,1015.82,24.85,100,2532.58,1.82
20240508092015,0.33,1016.04,24.45,100,4411,4.63
20240508093015,0,1016.08,24.47,100,3708,3.47
20240508094015,0.06,1016.17,24.49,100,2765,2.1
20240508095015,0.08,1016.18,24.42,100,4640.5,5.23
20240508100015,0,1016.1,24.76,100,6940.92,13.54
20240508101015,0,1016.02,25.07,100,9175.92,24.01
20240508102015,0,1016.06,25,100,6951,13.24
20240508103015,0.03,1016.05,24.74,100,6301.58,10.55
20240508104015,0,1016.07,24.78,100,6396.75,10.24
20240508105015,0,1016.02,25.2,100,10252.83,26.67
20240508110015,0,1016.04,25.52,100,10657.67,27.82
20240508111015,0,1015.98,25.7,100,9885,24.53
20240508112015,0,1015.96,25.8,100,8409.67,19.93
20240508113015,0,1015.89,25.91,100,10180.5,30.45
20240508114015,0,1015.87,25.92,100,6984.25,16.42
20240508115015,0,1015.79,26.31,100,10319.17,34.74
20240508120015,0,1015.75,26.13,100,6084.42,11.64
20240508121015,0.44,1015.62,24.73,100,5148.17,7.67
20240508122015,0.39,1015.69,23.73,100,3209.67,2.77
20240508123015,0.54,1015.66,23.39,100,2503.17,1.57
20240508124015,0.69,1015.64,23.27,100,2948.42,2.06
20240508125015,0.57,1015.65,23.07,100,2192,1.17
20240508130015,1.1,1015.68,22.96,100,1577.92,0.63
20240508131015,0.61,1015.66,22.82,100,1933.83,0.94
20240508132015,0.47,1015.65,22.93,100,2536.42,1.57
20240508133015,0.42,1015.68,23.06,100,2190.5,1.42
20240508134015,0.05,1015.57,23.38,100,4317.92,5.1
20240508135015,0.03,1015.57,23.69,100,4371.42,5.07
20240508140015,0,1015.6,23.87,100,3058.33,2.57
20240508141015,0.08,1015.57,23.53,100,3820.92,3.75
20240508142015,0,1015.56,23.58,100,3049.92,2.42
20240508143015,0.06,1015.62,23.58,100,4463.25,5.19
20240508144015,0.03,1015.66,23.08,100,4794.08,6.26
20240508145015,0.02,1015.72,23.09,100,3722.08,4.14
20240508150015,0,1015.72,23.06,100,3489.25,3.35
20240508151015,0,1015.65,23.46,100,4380.5,5.61
20240508152015,0,1015.63,23.71,100,3319.25,3.43
20240508153015,0,1015.76,23.34,100,1109,0.36
20240508154015,0,1015.73,22.99,100,1489.75,0.54
20240508155015,0,1015.76,22.93,100,1247.08,0.45
20240508160015,0,1015.83,22.93,100,1227.08,0.45
20240508161015,0,1015.86,22.8,100,1478.17,0.64
20240508162015,0,1015.82,22.69,100,1398.67,0.57
20240508163015,0,1015.87,22.65,100,1338.08,0.59
20240508164015,0,1015.85,22.53,100,1701.25,0.93
20240508165015,0,1015.97,22.52,100,877.83,0.29
20240509090015,0.18,1020.06,29.6,69.45,22162.08,149.25
20240509091015,0.36,1020.05,31.54,60.85,34288.37,353.28
20240509092015,1.12,1020.03,32.21,54.2,38240.7,434.59
20240509093015,1.26,1020.03,31.77,54.4,40689.64,498.16
20240509094015,1.32,1020.02,33.56,50.93,45764.08,606.05
20240509095015,1.32,1019.99,33.62,49.52,47754.16,653.06
20240509100015,1.36,1019.95,33.17,51.66,35468.41,367.84
20240509101015,1.02,1019.89,32.33,52.57,34373.83,345.46
20240509102015,1.52,1019.82,33.34,50.83,52389.8,760.43
20240509103015,1.05,1019.78,33.25,50.28,43365.38,526.86
20240509104015,1.62,1019.74,32.66,51.92,43798.11,528.85
20240509105015,1.35,1019.65,33.1,50.03,47581.03,609.97
20240509110015,1.13,1019.58,36.34,46.68,87934.75,1689.95
20240509111015,1.65,1019.68,35.6,43.55,54396.08,815.4
20240509112015,1.61,1019.68,33.87,47.36,39953.46,458.64
20240509113015,1.26,1019.53,32.05,51.78,31608.75,286.68
20240509114015,0.84,1019.38,31.27,55.16,23813.25,163.14
20240509115015,0.72,1019.33,30.14,57.45,20282.5,119
20240509120015,1.37,1019.21,29.19,60.38,18436.5,97.29
20240509121015,0.57,1019.12,28.66,65.78,17207.08,84.91
20240509122015,0.61,1019.04,28.81,65.55,19657.5,111.34
20240509123015,0.5,1018.86,29.85,63.87,22616.83,148.89
20240509124015,0.89,1018.75,29.28,64.18,18405.25,99.92
20240509125015,0.47,1018.51,29.72,62.88,21610,138.12
20240509130015,0.57,1018.33,30.82,57.75,24471.17,176.59
20240509131015,0.88,1018.27,30.74,57.39,22477.16,149.29
20240509132015,1.33,1018.09,29.72,60.76,24081.17,167.78
20240509133015,1.27,1017.88,29.59,61.64,22469.34,150.07
20240509134015,0.92,1017.72,30.22,57.33,23255.42,157.92
20240509135015,1.2,1017.69,29.51,58.76,19728.5,113.95
20240509140015,0.89,1017.63,28.65,62.02,16572.33,81.25
20240509141015,0.74,1017.54,28.09,65.51,13966.75,57.93
20240509142015,0.72,1017.45,27.15,70.08,7898.92,20.03
20240509143015,0.77,1017.4,25.84,73.79,6112.75,11.18
20240509144015,0.57,1017.37,26.1,71.9,7095.75,15.43
20240509145015,0.65,1017.32,26.2,72.09,7398.17,16.4
20240509150015,0.33,1017.29,26.23,71.33,6859.5,14
20240509151015,0.61,1017.27,26.1,71.9,7094.67,15.05
20240509152015,0.62,1017.26,26.06,72.96,7049.42,14.78
20240509153015,0.42,1017.1,26.08,73.81,7374.67,16.44
20240509154015,0.21,1017.03,26.12,72.75,6814.08,14.05
20240509155015,0.6,1016.94,26.09,70.95,6287.67,12.03
20240509160015,0.51,1016.97,25.73,72.41,5448.25,9.07
20240509161015,0.29,1016.97,25.68,73.46,5161.58,8.26
20240509162015,0.43,1016.99,25.79,71.05,4346.83,6
20240509163015,0.08,1017.02,25.6,72.91,3626.92,4.23
20240509164015,0.18,1017.06,25.48,73.47,2506.83,2.06
20240509165015,0.21,1017.17,25.13,76.34,1675.17,0.97
20240510090015,0,1018.63,36.48,63.25,63586.82,1028.01
20240510091015,0.03,1018.48,46.7,33.64,106910.1,1841.67
20240510092015,0.02,1018.35,49.15,26.19,81013,1335.52
20240510093015,0.04,1018.31,43.48,28.39,67285.78,1116.52
20240510094015,0.06,1018.22,36.92,41.61,41177.32,449.02
20240510095015,0.02,1018.27,36.16,45.24,48896.37,634.36
20240510100015,0.02,1018.31,34.38,50.94,39015.71,410.51
20240510101015,0.02,1018.3,34.16,51.65,42875.75,494.34
20240510102015,0.05,1018.3,34.55,50.11,44345.98,526.2
20240510103015,0.04,1018.17,35.58,47.37,45848.7,560.75
20240510104015,0.04,1018.08,36.22,45.74,53018.05,747.36
20240510105015,0.13,1018.05,37.63,41.91,56732.01,840.1
20240510110015,0.02,1017.94,39.93,37.73,97851.16,1816.04
20240510111015,0,1017.92,41.33,34.65,61097.52,949.6
20240510112015,0.06,1017.8,38.9,38.25,68844.03,1221.69
20240510113015,0.1,1017.69,39.92,36.42,76944.34,1450.09
20240510114015,0.16,1017.65,38.38,38.04,56910.68,980.88
20240510115015,0.2,1017.5,38.25,39.2,76781.73,1558.14
20240510120015,0.09,1017.35,40.35,35.31,81626.64,1594.89
20240510121015,0.12,1017.3,41.34,33.54,75985.71,1441.17
20240510122015,0.14,1017.2,40.98,33.17,64852.1,1188.49
20240510123015,0.09,1016.96,39.69,35.47,67015.53,1212.73
20240510124015,0.06,1016.82,39.76,35.16,68039.93,1269.82
20240510125015,0.17,1016.75,40.89,33.68,64752.37,1162.82
20240510130015,0.23,1016.64,38.48,36.03,34561.18,384.55
20240510131015,0.1,1016.43,35.45,40.24,28238.58,216.51
20240510132015,0.13,1016.26,34.7,42.62,26706.08,201.37
20240510133015,0.03,1016.08,34.12,45.68,22658.17,144.86
20240510134015,0.02,1016,34.04,46.24,20672.67,123.9
20240510135015,0.1,1015.92,33.56,47.44,19881.92,115.88
20240510140015,0.03,1015.85,33.48,47.57,20194.17,116.8
20240510141015,0.03,1015.79,32.83,50.19,18306.25,96.31
20240510142015,0.09,1015.81,32.51,50.32,19475.67,106.88
20240510143015,0.06,1015.79,32.31,51.21,17256.67,84.99
20240510144015,0.03,1015.74,32.32,51.79,17174.33,83.97
20240510145015,0.09,1015.65,32.26,52.92,15878.58,71.63
20240510150015,0.06,1015.54,31.95,54.01,14348.84,59.32
20240510151015,0.09,1015.48,31.23,55.59,12665.42,46.22
20240510152015,0.03,1015.43,30.84,56.81,11170.08,35.97
20240510153015,0,1015.34,30.85,57.7,11442,37.61
20240510154015,0.05,1015.32,30.65,57.95,9339,25.11
20240510155015,0,1015.33,30.45,59.34,8807.92,22.37
20240510160015,0,1015.38,30.64,59.25,8974.67,23.2
20240510161015,0,1015.37,31,59.1,9522.67,26.21
20240510162015,0,1015.34,30.73,60.48,8892.75,23.38
20240510163015,0.07,1015.39,30.59,61.55,8041.08,19.24
20240510164015,0.03,1015.38,30.09,63.5,6924.83,14.34
20240510165015,0,1015.43,29.91,63.98,5861.17,10.36
20240511090015,0,1016.52,33.95,62.13,24384.75,166.33
20240511091015,0,1016.49,35.53,55.72,28067.58,216.23
20240511092015,0,1016.5,36.59,51.23,28247.92,221.66
20240511093015,0,1016.5,37.38,47.87,24125.75,162.55
20240511094015,0,1016.47,37.05,49.95,28889.5,225.68
20240511095015,0,1016.42,38.26,45.95,42072.68,463.45
20240511100015,0.02,1016.32,36.56,49.56,24222.08,163.08
20240511101015,0,1016.23,33.53,59.34,18434.83,92.87
20240511102015,0,1016.24,33.26,63.72,20296.58,113.26
20240511103015,0,1016.23,34.46,59.27,24254.5,158.28
20240511104015,0,1016.21,34.37,58.6,25259,180.24
20240511105015,0,1016.09,35.6,55.31,26812.67,197.76
20240511110015,0,1015.97,34.98,58.15,25566.33,181.16
20240511111015,0,1015.92,36.57,53.11,28713.58,229.8
20240511112015,0,1015.84,36.61,52.47,31423.67,274.06
20240511113015,0,1015.69,38.08,49.04,37309.68,385.77
20240511114015,0,1015.66,39.68,44.61,66177.29,1133.53
20240511115015,0.02,1015.52,40.22,41.53,65870.02,1142.7
20240511120015,0.03,1015.4,36.76,50.73,42101.33,491.89
20240511121015,0.09,1015.32,39.84,44.91,71797.37,1326.47
20240511122015,0.05,1015.25,41.67,39.66,78608.97,1539.56
20240511123015,0.16,1015.12,40.61,41.26,67552.08,1229.96
20240511124015,0.12,1014.98,40.5,40.86,52984.25,797.58
20240511125015,0.05,1014.84,38.57,44.73,43889.47,608.33
20240511130015,0.14,1014.68,40.02,42.09,66042.88,1216.83
20240511131015,0.13,1014.48,41.72,38.53,60938.14,1063.06
20240511132015,0.1,1014.4,40.13,41.26,30822.58,412.26
20240511133015,0.03,1014.33,35.73,52.11,16979.58,80.55
20240511134015,0.02,1014.26,33.93,58.94,18019.81,91.98
20240511135015,0.09,1014.07,32.96,63.09,14994.08,63.72
20240511140015,0.15,1014.02,32.37,67.06,13011.08,47.6
20240511141015,0.04,1013.97,32.76,66.21,13942.42,53.88
20240511142015,0.13,1013.84,32.44,67.45,14200.08,57.73
20240511143015,0.06,1013.74,32.56,66.33,12647.17,45.28
20240511144015,0,1013.62,33.16,64.47,15349.17,68.82
20240511145015,0.07,1013.49,33.35,62.86,16579.75,80.58
20240511150015,0.05,1013.39,32.84,63.91,11634.08,41.04
20240511151015,0.03,1013.33,32.13,68.15,10847.58,35.15
20240511152015,0.1,1013.28,32.56,68.25,14658.25,64.63
20240511153015,0.03,1013.27,32.71,66.41,13522.75,54.19
20240511154015,0,1013.2,32.25,67.76,12302.25,44.64
20240511155015,0.04,1013.14,32.34,67.18,12022.17,43.46
20240511160015,0.08,1013.09,31.34,71.27,7117.25,14.62
20240511161015,0.02,1013.15,30.39,75.73,6921.5,13.81
20240511162015,0.06,1013.1,30.56,75.2,8825.83,22.41
20240511163015,0.02,1013.14,30.75,74.04,9461.33,25.83
20240511164015,0.02,1013.09,30.73,74.61,8186.92,18.87
20240511165015,0,1013.08,30.19,77.41,5533.33,8.7
20240512090015,0,1012.37,37.35,58.23,28667.17,235.25
20240512091015,0,1012.48,40.15,52.8,47213.65,622.27
20240512092015,0,1012.38,38.76,51.8,26615.83,191.44
20240512093015,0,1012.34,37.07,55,35707.66,343.56
20240512094015,0,1012.29,39.01,48.07,52775.83,721.95
20240512095015,0,1012.28,39.58,46.18,43315.21,506.5
20240512100015,0.07,1012.15,37.94,49.81,37335.47,380.07
20240512101015,0,1012.04,37.93,50.06,37881.1,429.16
20240512102015,0.02,1011.94,36.78,53.4,37388.29,382.42
20240512103015,0.02,1011.87,38.32,50.18,42400.53,484.49
20240512104015,0.02,1011.75,37.89,49.41,41479.97,466.36
20240512105015,0.04,1011.64,40.49,44.42,63508.75,1034.09
20240512110015,0.1,1011.7,40.99,44.71,90248.4,1609.97
20240512111015,0.08,1011.7,42.07,41.97,85317.24,1500.3
20240512112015,0.1,1011.55,41.8,42.13,63867.04,1013.76
20240512113015,0.1,1011.51,42.95,40.92,64589.75,1065.21
20240512114015,0.07,1011.5,42.25,41.89,75618.61,1355.89
20240512115015,0.09,1011.31,42.34,41.98,69813.81,1310.08
20240512120015,0.09,1011.19,42.35,42.71,68068.15,1215.96
20240512121015,0.3,1011.04,41.88,43.24,79952.13,1566.03
20240512122015,0.17,1010.82,42.41,42.58,76065.67,1457.72
20240512123015,0.04,1010.68,44.73,39.3,63960.3,1116.07
20240512124015,0.05,1010.54,44.14,38.72,67923.13,1267.96
20240512125015,0.03,1010.42,40.58,46.7,37558.92,455.68
20240512130015,0.02,1010.32,40.82,47.29,59597.5,1005.77
20240512131015,0.12,1010.28,42.55,42.84,54115.89,872.38
20240512132015,0.15,1010.19,41.6,44.68,34174.08,419.51
20240512133015,0.11,1010.02,38.39,53.56,19718.08,109.13
20240512134015,0.05,1009.81,35.58,65.85,19421.83,110.22
20240512135015,0.02,1009.79,34.87,69.96,15231.08,65.37
20240512140015,0,1009.75,34.86,71.41,18151.25,92.55
20240512141015,0,1009.62,35.06,70.43,16743.42,76.43
20240512142015,0,1009.53,34.47,74.53,13676.58,51.33
20240512143015,0,1009.52,33.48,79.72,11434.5,34.67
20240512144015,0,1009.49,33.04,83.14,8125.83,18.05
20240512145015,0,1009.47,31.92,91.62,7287.75,14.92
20240512150015,0.02,1009.39,31.8,92.37,4454.58,5.75
20240512151015,0,1009.28,30.98,98.42,3472.33,3.37
20240512152015,0,1009.19,30.82,99.9,3474,3.46
20240512153015,0,1009.12,30.81,99.96,3178.33,2.89
20240512154015,0,1008.99,30.77,100,2464.92,1.85
20240512155015,0,1009.01,29.84,100,1874.08,1.16
20240512160015,0,1008.98,29.04,100,1394.92,0.76
20240512161015,0,1008.92,28.14,100,1487.75,0.87
20240512162015,0,1008.93,28.06,100,2536.08,2.34
20240512163015,0,1008.97,28.4,100,4447.75,6.46
20240512164015,0,1009.04,28.9,100,4197.75,5.74
20240512165015,0,1009.04,29.53,100,5429.25,9.15
20240513090015,0.25,1013.6,23.42,100,2816.17,2.15
20240513091015,0.31,1013.64,23.5,100,2828.42,2.11
20240513092015,0.42,1013.89,23.39,100,2885.92,2.16
20240513093015,0.23,1013.94,23.24,100,2843.67,2.09
20240513094015,0.28,1013.91,23.47,100,3465,3.21
20240513095015,0.46,1014.1,23.34,100,3215.42,2.78
20240513100015,0.41,1014.09,23.3,100,3427.75,3.05
20240513101015,0.42,1013.99,23.23,100,3358.67,2.95
20240513102015,0.5,1014.07,23.15,100,3760.67,3.64
20240513103015,0.43,1014.22,23.16,100,4252.67,4.77
20240513104015,0.27,1014.15,23.35,100,5893.25,8.98
20240513105015,0.64,1014.08,23.39,100,5510.25,8.07
20240513110015,0.57,1014.03,23.37,100,5154.33,7.12
20240513111015,0.22,1014.15,23.65,100,5923.42,9.59
20240513112015,0.38,1014.2,23.6,100,4891.16,6.45
20240513113015,0.23,1014.28,23.5,100,5231.83,7.2
20240513114015,0.31,1014.25,23.43,100,6300.83,10.65
20240513115015,0.29,1014.07,23.41,100,7243.5,14.23
20240513120015,0.78,1014.23,23.54,100,7376.33,14.74
20240513121015,0.45,1014.1,23.64,100,7668.92,15.65
20240513122015,0.66,1014.04,23.56,100,7193.33,13.76
20240513123015,0.3,1014.06,23.51,100,7376.42,14.59
20240513124015,0.58,1014.02,23.25,100,6935.58,12.92
20240513125015,0.62,1013.89,23.22,100,6430.83,11.03
20240513130015,0.38,1013.93,23.2,100,5554.25,8.14
20240513131015,0.34,1013.92,23.22,100,5385.5,7.67
20240513132015,0.43,1014.03,23.22,99.85,5950.67,9.2
20240513133015,0.41,1013.99,22.94,100,5995.5,9.44
20240513134015,0.17,1013.82,23.21,100,5361.75,7.77
20240513135015,0.34,1013.72,23.24,99.99,5750.33,8.97
20240513140015,0.21,1013.64,23.11,100,5301.83,7.82
20240513141015,0.29,1013.59,22.88,100,5737.08,9.04
20240513142015,0.38,1013.55,23.06,100,5183.08,7.37
20240513143015,0.28,1013.34,23.04,100,5177.58,7.35
20240513144015,0.33,1013.42,22.95,99.93,4404.5,5.27
20240513145015,0.25,1013.33,23.08,100,5262.42,7.73
20240513150015,0.36,1013.38,23.22,100,5361.5,8.84
20240513151015,0.39,1013.37,23.25,100,4733.83,7.12
20240513152015,0.42,1013.43,22.85,100,3165,2.95
20240513153015,0.33,1013.38,22.8,100,3887.58,4.39
20240513154015,0.2,1013.33,22.78,100,3750,3.98
20240513155015,0.19,1013.33,22.63,100,2513.17,1.9
20240513160015,0.14,1013.25,22.48,100,1820.33,1.03
20240513161015,0.09,1013.36,22.61,100,1651.08,0.86
20240513162015,0.1,1013.42,22.59,100,1554.92,0.78
20240513163015,0.07,1013.4,22.51,100,1176.42,0.47
20240513164015,0,1013.37,22.66,100,966.17,0.32
20240513165015,0,1013.38,22.62,100,785.5,0.23
20240514090015,0,1015.55,27.72,88.41,10213.92,30.07
20240514091015,0,1015.48,27.86,84.76,11470.83,38.29
20240514092015,0,1015.52,28,83.74,10936.08,36.12
20240514093015,0,1015.47,28.12,81.48,11497.5,39.5
20240514094015,0,1015.39,28.73,80.65,11761,41.07
20240514095015,0,1015.24,28.71,80.94,11351.92,36.8
20240514100015,0,1015.17,28.26,83.3,15943.92,71.73
20240514101015,0,1015.25,29.26,80.07,18285.67,95.47
20240514102015,0.02,1015.14,30.08,76.1,18591.33,98.67
20240514103015,0,1014.94,29.63,75.74,18740.25,99.2
20240514104015,0,1014.82,30.56,76.32,20332,123.71
20240514105015,0,1014.67,31.64,78.74,22033.92,144.8
20240514110015,0.02,1014.62,32.49,70.06,21763.75,140.42
20240514111015,0,1014.54,33.15,66.05,28830,246.45
20240514112015,0,1014.44,35.59,54.37,31726.91,296.82
20240514113015,0,1014.34,36.29,51.07,30563.75,280.39
20240514114015,0,1014.19,34.21,52.24,28845.42,247.66
20240514115015,0,1014.05,33.89,53.15,23812.42,172.08
20240514120015,0.02,1014.02,32.64,56.81,20715.67,129.28
20240514121015,0,1013.91,31.68,59.91,26212.92,223.13
20240514122015,0.03,1013.72,33.95,52.32,43473.65,555
20240514123015,0.12,1013.49,33.23,52.19,28868.18,244.07
20240514124015,0.02,1013.49,32.48,55.78,31158.04,314.4
20240514125015,0.04,1013.29,34.17,52.99,43275.43,685.24
20240514130015,0.03,1013.16,37.76,42.89,42850.38,620.43
20240514131015,0.03,1013.19,33.01,52.75,14301.08,59.63
20240514132015,0.02,1013.24,29.46,67.74,12066.33,40.61
20240514133015,0.08,1013.19,27.62,80.84,11900.08,39.28
20240514134015,0,1013.2,26.64,90.1,8305.33,19.41
20240514135015,0,1013.25,26.77,90.96,10117,28.65
20240514140015,0.03,1013.22,25.77,99.27,11974.5,43.39
20240514141015,0,1013.22,25.26,100,13780.42,60.51
20240514142015,0.02,1013.2,26.88,99.34,12582.5,49.37
20240514143015,0.05,1013.22,27.11,97.06,11662.08,41.79
20240514144015,0.03,1013.17,28.47,90.89,18484.58,102.34
20240514145015,0.04,1013.26,28.86,88.88,16921.75,87.36
20240514150015,0.08,1013.32,27.75,94.16,9553.25,26.23
20240514151015,0.03,1013.53,26.81,99.29,9756.83,27.43
20240514152015,0,1013.45,27.06,97.84,10958.58,33.85
20240514153015,0.03,1013.42,27.32,97.93,12409.67,44.48
20240514154015,0.03,1013.34,27.58,93.47,11799.75,43.18
20240514155015,0.05,1013.42,27.38,94.17,10537,34.46
20240514160015,0.03,1013.44,27.39,94.35,11041.75,37.88
20240514161015,0.09,1013.52,27.04,96.29,9557.25,28.29
20240514162015,0.05,1013.51,26.9,97.06,7794.08,19.08
20240514163015,0.1,1013.61,26.31,99.64,5644.5,10.1
20240514164015,0.1,1013.68,26.02,100,6294.67,12.3
20240514165015,0.04,1013.72,25.81,100,5545.08,9.88
20240515090015,0.1,1015.37,41.53,36.01,81520.27,1573.02
20240515091015,0.1,1015.43,44.16,32.37,90635.09,1698.63
20240515092015,0.06,1015.51,42.29,33.61,88224.23,1678.01
20240515093015,0.23,1015.58,41.23,36.31,84569.56,1592.26
20240515094015,0.12,1015.64,43.85,31.82,94971.13,1753.01
20240515095015,0,1015.6,44,30.74,87196.06,1647.85
20240515100015,0.13,1015.54,42.85,33.18,91594.08,1716.21
20240515101015,0.16,1015.49,43.73,32.67,95164.84,1735.7
20240515102015,0.18,1015.44,42.48,33.92,89602.07,1671.62
20240515103015,0.15,1015.42,41.96,35.29,83656.39,1576.13
20240515104015,0.16,1015.33,42.57,34.03,93347.12,1748.04
20240515105015,0.16,1015.27,41.7,35.11,89472.69,1685.83
20240515110015,0.23,1015.28,38.65,41.03,85707.88,1642.65
20240515111015,0.12,1015.36,38.36,41.82,78043.49,1438.38
20240515112015,0.22,1015.38,39.92,38.5,88099.52,1728.26
20240515113015,0.07,1015.33,40.04,39.18,83697.54,1638.06
20240515114015,0.21,1015.27,39.3,40.02,64486.61,1132.17
20240515115015,0.16,1015.13,35.94,47.76,51752.96,851.7
20240515120015,0.23,1015.01,37.2,46.38,53130.77,835.06
20240515121015,0.31,1014.98,35.39,50.11,62509.49,1149.3
20240515122015,0.3,1015,36.59,46.48,46567.13,658.57
20240515123015,0.22,1014.98,36.91,45.67,53982.72,858.6
20240515124015,0.36,1014.92,34.74,52.07,31854.08,317.57
20240515125015,0.22,1014.73,33.8,53.71,32324.25,319.53
20240515130015,0.16,1014.58,33.2,56.68,30452.42,284.59
20240515131015,0.29,1014.43,33.59,57.17,33760.25,350.18
20240515132015,0.17,1014.27,33.42,55.67,27820.75,241.92
20240515133015,0.14,1014.28,32.81,57.81,26721.42,227.04
20240515134015,0.5,1014.34,31.71,62.93,23761.42,179.15
20240515135015,0.37,1014.39,31.19,64.07,20343.42,131.17
20240515140015,0.12,1014.29,30.61,67.37,16918.67,89.15
20240515141015,0.16,1014.22,30.06,70.31,17010.83,95.51
20240515142015,0.24,1014.22,30.25,70.84,16841,91.6
20240515143015,0.06,1014.23,30.49,67.04,16818.67,89.8
20240515144015,0.11,1014.2,30.27,68.87,16430.92,87.62
20240515145015,0.26,1014.25,29.99,69.52,16806.25,89.76
20240515150015,0.22,1014.25,29.88,72.03,15828.5,80.43
20240515151015,0.25,1014.22,29.46,73.23,14153.43,63.94
20240515152015,0.32,1014.15,29.62,71.77,13621.11,59.37
20240515153015,0.09,1014.14,29.21,75.84,12964.03,53.39
20240515154015,0.06,1014.18,29.52,73.12,12660.92,51.7
20240515155015,0.3,1014.28,29.43,73.03,12468.67,50.17
20240515160015,0.06,1014.38,28.71,75.75,10306.08,34.32
20240515161015,0.07,1014.36,28.47,77.22,8954.17,25.89
20240515162015,0.18,1014.52,27.77,82.53,7902.33,20.27
20240515163015,0.09,1014.69,27.45,84.72,6390.92,13.38
20240515164015,0.13,1014.82,27.28,85.82,5426.33,9.75
20240515165015,0,1014.86,27.12,85.19,4970.33,8.32
20240516120015,0.24,1017.47,34.42,44.41,58367.23,1010.41
20240516121015,0.38,1017.46,34.65,44.7,56251.38,938.47
20240516122015,0.51,1017.43,34.44,44.44,60265.76,1066.92
20240516123015,0.23,1017.39,34.7,42.93,51865.44,878.93
20240516124015,0.48,1017.2,33.66,45.53,42652.39,588.45
20240516125015,0.2,1017.12,33.44,45.49,36916.73,450.53
20240516130015,0.43,1016.87,31.49,50.3,27608,228.6
20240516131015,0.29,1016.94,30.82,52.43,29654.42,263.46
20240516132015,0.21,1016.96,30.95,51.38,28290.67,244.43
20240516133015,0.26,1016.86,30.28,54.33,18104.42,102.17
20240516134015,0.31,1016.66,30.39,55.33,28632.08,256.81
20240516135015,0.23,1016.39,30.94,53,20101.08,125.83
20240516140015,0.23,1016.47,29.46,57.74,15995.08,78.41
20240516141015,0.25,1016.52,28.91,60.61,16945.25,87.81
20240516142015,0.23,1016.56,28.42,65.24,13404.67,56.39
20240516143015,0.25,1016.47,28.14,66.44,12477.5,47.54
20240516144015,0.17,1016.29,27.91,68.84,12459.58,47.76
20240516145015,0.06,1016.2,28.04,66.35,12564,48.55
20240516150015,0.1,1016.15,27.91,66.91,12213.33,45.86
20240516151015,0.26,1015.99,26.91,74.12,10943.58,37.09
20240516152015,0.09,1015.82,27.02,74.54,9311.5,26.79
20240516153015,0.1,1015.7,26.92,74.87,10459.33,34.47
20240516154015,0.13,1015.64,27.29,73.18,10509.33,34.95
20240516155015,0.18,1015.57,26.72,75.7,8002.42,20.26
20240516160015,0.19,1015.5,26.42,80.24,10112.58,32.14
20240516161015,0.03,1015.46,26.83,77.15,8693.83,24.32
20240516162015,0.08,1015.46,26.97,76.25,6825.75,15.11
20240516163015,0.04,1015.56,26.45,80.12,8018.25,20.73
20240516164015,0.07,1015.6,27.14,77.34,8659.58,23.78
20240516165015,0.05,1015.65,26.92,77.34,6410.58,13.44
20240517090015,0.02,1014.33,52.02,20.97,90067.1,1662.16
20240517091015,0,1014.25,52.09,19.82,70253.59,1144.39
20240517092015,0,1014.07,47.73,22.49,67901.75,1193.78
20240517093015,0,1013.99,49.3,21.95,92255.87,1704.55
20240517094015,0,1013.92,50.51,19.33,92797.09,1646.41
20240517095015,0.04,1013.75,47.68,20.56,84060.12,1509.73
20240517100015,0,1013.63,44.55,24.36,91492.2,1698.69
20240517101015,0.07,1013.64,41.43,29.01,41214.9,486.32
20240517102015,0.02,1013.65,36.82,36.3,31433.67,280.48
20240517103015,0.03,1013.64,35.15,40.58,29894.33,253.59
20240517104015,0.02,1013.58,35.34,42.55,40515.55,462.68
20240517105015,0,1013.53,35.41,42.93,29869.17,255.69
20240517110015,0.02,1013.43,36.79,41,45735.91,622.86
20240517111015,0.08,1013.37,35.05,45.6,33095.58,318.26
20240517112015,0.03,1013.3,37.67,41.57,53210.19,905.6
20240517113015,0.04,1013.24,38.85,39.4,58298.01,969.75
20240517114015,0.06,1013.17,37.49,41.29,45039.46,707.62
20240517115015,0.03,1013.02,38.61,39.61,67402.62,1292.2
20240517120015,0.15,1012.88,42.19,33,75843.58,1513.6
20240517121015,0.16,1012.72,37.77,40.15,35033.86,393.75
20240517122015,0.04,1012.68,34.44,49.37,20748.75,123.39
20240517123015,0,1012.67,32.46,56.6,12299.42,46.75
20240517124015,0,1012.6,31.46,61.53,8772.83,21.69
20240517125015,0.03,1012.61,30.77,66.55,7069.42,14.12
20240517130015,0,1012.61,29.62,72.24,5116.83,7.27
20240517131015,0,1012.5,29.38,74.07,4930.83,6.68
20240517132015,0,1012.31,29.47,75.26,5320.5,7.61
20240517133015,0,1012.16,29.34,76.99,6125.92,9.94
20240517134015,0,1012.12,28.79,90.15,6835.33,13.01
20240517135015,0,1012.19,26.99,100,5270.17,8.73
20240517140015,0,1012.24,26.74,100,4284.58,5.43
20240517141015,0,1012.17,27.52,100,6384.17,11.69
20240517142015,0,1012.1,28.55,98.35,10225.5,33.64
20240517143015,0,1012.11,30.9,85.27,17433.25,89.35
20240517144015,0,1012.14,30.98,82,11594.25,38.47
20240517145015,0,1012.18,30.53,82.77,9000.33,23.25
20240517150015,0,1012.15,30.43,81.5,7020.17,14.31
20240517151015,0,1012.2,29.97,84.27,5893.08,10.47
20240517152015,0,1012.12,28.98,89.56,4542.83,6.15
20240517153015,0,1012.06,28.3,95.14,4205.75,5.75
20240517154015,0,1011.97,26.9,100,7330.92,17.76
20240517155015,0,1012.03,27.3,100,8687.67,23.27
20240517160015,0,1011.94,29.09,99.88,10560.33,33.81
20240517161015,0,1011.96,30.1,95.36,9097.5,25.23
20240517162015,0,1011.99,30.38,90.14,9619.42,27.92
20240517163015,0,1012,30.61,84.7,8478.58,22.35
20240517164015,0,1012.06,29.92,85.62,5390.58,9.62
20240517165015,0,1012.08,28.91,87.42,3802.58,4.48
20240519090015,0,1010.51,33.31,79.13,16097.42,75.4
20240519091015,0,1010.44,33.6,79.93,13947,57.81
20240519092015,0,1010.43,33.4,84.83,18535.42,102.48
20240519093015,0,1010.47,35.09,75.06,19743.91,116.35
20240519094015,0.02,1010.46,35.9,73.86,21646.5,141.14
20240519095015,0,1010.38,38.17,63.64,45385.67,622.7
20240519100015,0,1010.17,41.26,48.84,37564.12,476.18
20240519101015,0,1010.2,42.84,42.73,62173.85,988.45
20240519102015,0,1010.08,42.03,41.71,30305.5,266.05
20240519103015,0.04,1010.1,41.32,45.37,40742.64,596.11
20240519104015,0,1010.09,42.26,41.49,32861.7,305.24
20240519105015,0,1010.08,40.19,44.84,29708.7,248.79
20240519110015,0,1009.97,38.06,49.24,31952.12,287.31
20240519111015,0.03,1009.79,36.67,54.21,23275,157.59
20240519112015,0,1009.78,35.62,58.55,20338.16,120.48
20240519113015,0,1009.67,35.43,59.25,22288.33,144.69
20240519114015,0,1009.58,36.01,56.54,24740.92,172.29
20240519115015,0,1009.6,36.14,55.72,26779.83,201.2
20240519120015,0,1009.62,36.33,54.15,30442.5,257.89
20240519121015,0,1009.64,37.44,51.09,31923,286.42
20240519122015,0,1009.52,37.5,49.98,22489.33,146.48
20240519123015,0,1009.44,35.84,54.39,18115.58,94.26
20240519124015,0,1009.42,34.75,56.84,15596.25,69.15
20240519125015,0,1009.35,34.47,57.85,16792.33,79.03
20240519130015,0,1009.31,34.26,58.88,17752.17,88.6
20240519131015,0.02,1009.27,34.46,60.21,21010.58,128.23
20240519132015,0.05,1009.25,35.68,57.29,24761.34,177.75
20240519133015,0,1009.12,34.73,58.86,24418.17,171.28
20240519134015,0,1009.1,34.99,57.13,20965,129.28
20240519135015,0,1009.01,34.43,60.26,14965.5,66.09
20240519140015,0,1008.85,34.05,61.97,13687.83,55.52
20240519141015,0,1008.67,33.95,61.99,14702.58,63.02
20240519142015,0,1008.65,32.85,82.02,14421.08,63.07
20240519143015,0,1008.57,32.32,83.26,16473.34,81.27
20240519144015,0,1008.56,33.24,69.34,17353.92,88.24
20240519145015,0,1008.49,33.97,69.02,14245.08,60.45
20240519150015,0,1008.35,34.59,67.64,15324.17,69.97
20240519151015,0,1008.36,34.98,60.88,17426.58,90.23
20240519152015,0,1008.32,34.39,61.08,14601.42,64.83
20240519153015,0,1008.32,32.92,66.34,11876.83,42.96
20240519154015,0,1008.25,31.84,70.07,12515.33,47.34
20240519155015,0,1008.23,32.3,68.24,12227.08,46
20240519160015,0.03,1008.19,31.84,70.46,12139.83,44.72
20240519161015,0.03,1008.15,32.09,68.8,12707.83,49.05
20240519162015,0.03,1008.26,32.2,69.22,9656.58,28.96
20240519163015,0,1008.36,31.65,71.82,7513.5,17.63
20240519164015,0,1008.43,30.83,76.82,6097.08,11.37
20240519165015,0,1008.57,30.22,81.07,4787.58,6.73
20240520090015,0,1010.49,39.97,52.37,36427.18,374.33
20240520091015,0,1010.61,41.39,49.22,41185.85,475.3
20240520092015,0.02,1010.62,41.95,44.86,40850.08,464.98
20240520093015,0,1010.59,40.02,47.74,44319.75,554.02
20240520094015,0,1010.45,38.12,53.7,32825.83,305.17
20240520095015,0,1010.35,38.03,53.94,33456.58,318.06
20240520100015,0,1010.28,36.85,57.45,25381.08,188.36
20240520101015,0.03,1010.21,35.11,65.89,19818.67,114.28
20240520102015,0,1010.26,33.78,73.41,18708,99.96
20240520103015,0,1010.22,33.89,73.8,19752.5,111.09
20240520104015,0,1010.14,34.52,71.01,24140.37,170.84
20240520105015,0.02,1010.07,36.1,64.55,26225.5,197.71
20240520110015,0,1010,36.39,61.01,27195.17,208.81
20240520111015,0.02,1009.98,37.52,57.51,40439.54,453.82
20240520112015,0.04,1009.84,37.51,55.36,35032.69,350.16
20240520113015,0,1009.72,36.59,58.25,20569.17,126.14
20240520114015,0.02,1009.62,34.81,66.23,18656.58,101.68
20240520115015,0,1009.43,34.09,70.99,18496.25,101.1
20240520120015,0.02,1009.46,33.56,75.07,20038.26,115.15
20240520121015,0.11,1009.41,32.74,79.46,22811.83,147.52
20240520122015,0.02,1009.38,33.26,80.06,28885.28,238.3
20240520123015,0.03,1009.29,34.6,72.05,28855.08,239.92
20240520124015,0.03,1009.18,35.45,68.99,29582.83,251.51
20240520125015,0.02,1009.17,34.96,70.45,24530.67,173.75
20240520130015,0,1009.08,33.88,75.11,20662.73,123.33
20240520131015,0,1009.01,32.69,82.73,18677,98.75
20240520132015,0.02,1008.93,33.88,79.25,18714,98.71
20240520133015,0.03,1008.83,33.44,81.06,16292.58,75.82
20240520134015,0,1008.73,33.06,87.18,14134.17,57.33
20240520135015,0,1008.67,32.92,87.62,12325.75,43.57
20240520140015,0,1008.65,32.35,91.52,12502.2,44.45
20240520141015,0.02,1008.58,32.41,90.84,14691.5,61.23
20240520142015,0,1008.51,32.97,87.38,15174.58,66.95
20240520143015,0,1008.51,33.52,82.66,12756,47.67
20240520144015,0,1008.47,33.19,81.21,12090.42,43.17
20240520145015,0,1008.51,32.46,88.71,12890.25,49.01
20240520150015,0,1008.53,30.95,100,13648.42,54.74
20240520151015,0,1008.49,30.95,100,13633.98,54.04
20240520152015,0.04,1008.49,30.75,100,11528.58,38.42
20240520153015,0,1008.49,30.81,100,10004.75,29.03
20240520154015,0,1008.51,31.1,100,9682.58,27.53
20240520155015,0,1008.47,30.58,100,8572.42,21.72
20240520160015,0,1008.44,30.68,100,8281.33,20.21
20240520161015,0,1008.51,30.4,100,8416.58,21.04
20240520162015,0,1008.53,30.37,100,8469.42,21.58
20240520163015,0.04,1008.61,30.11,100,8878.67,24.11
20240520164015,0.03,1008.68,30.2,100,8568.92,22.73
20240520165015,0,1008.78,29.64,100,7102,15.76
20240521090015,0,1010.89,34.23,91.85,19993,111.62
20240521091015,0,1010.96,34.01,89.3,16101.42,73.29
20240521092015,0,1011.02,32.57,96.92,13545.92,50.8
20240521093015,0,1011.1,31.99,100,12758,45
20240521094015,0,1011.19,31.84,100,13557.25,50.18
20240521095015,0,1011.18,32.05,100,13225.25,49.69
20240521100015,0,1011.13,31.97,100,13715.75,53.99
20240521101015,0,1011.11,32.36,100,20616.08,121.4
20240521102015,0,1011.16,32.77,100,23277.84,153.78
20240521103015,0,1011.15,32.54,100,19880.08,113.45
20240521104015,0,1011.07,33.3,100,34889.34,347.48
20240521105015,0.03,1011.04,38.41,80.99,61180,987.46
20240521110015,0,1010.85,40.15,61.13,50748.24,693.49
20240521111015,0.02,1010.67,40.24,59.59,43258.89,514.98
20240521112015,0,1010.54,40.89,57.9,61445.4,1006.72
20240521113015,0.02,1010.46,41.42,54.05,57219.5,881.5
20240521114015,0.06,1010.39,39.1,60.41,34297.17,328.42
20240521115015,0.03,1010.38,37.26,67.6,36758.84,378.27
20240521120015,0.02,1010.28,37.53,66.06,38183.08,402.26
20240521121015,0.14,1010.2,37.72,66.75,34813.69,341.02
20240521122015,0.04,1010.08,38.03,65.54,40370.1,457.91
20240521123015,0.07,1009.91,37.65,64.96,44397.68,549.52
20240521124015,0.28,1009.89,37.41,67.39,46478.87,601.84
20240521125015,0.03,1009.78,36.92,67.51,32168.58,288.59
20240521130015,0.06,1009.72,35.58,75.95,24953,168.72
20240521131015,0.03,1009.67,35.14,80.95,23999.92,152.54
20240521132015,0,1009.54,35.02,82.06,22206.33,133.22
20240521133015,0,1009.43,35.25,79.61,19524.92,106.43
20240521134015,0,1009.34,35.65,77.07,18631.5,96.48
20240521135015,0.02,1009.33,34.91,79.64,18849.58,97.26
20240521140015,0,1009.2,35.06,80.65,21636.08,129.61
20240521141015,0,1009.12,34.59,82.49,16870.5,79.76
20240521142015,0,1009.01,34.78,83.46,12395.42,44.28
20240521143015,0,1008.96,33.94,87.88,12700.92,44.81
20240521144015,0,1008.87,33.11,93.72,11311.42,36.13
20240521145015,0.02,1008.77,32.89,94.21,8149.5,19.56
20240521150015,0,1008.73,31.95,99.71,7143.17,14.76
20240521151015,0,1008.7,31.66,100,8129.17,19.06
20240521152015,0,1008.68,31.46,100,8135.58,18.52
20240521153015,0,1008.58,31.64,100,9767.92,26.22
20240521154015,0,1008.47,31.51,100,11954.67,39.75
20240521155015,0,1008.4,31.59,100,9973.5,27.69
20240521160015,0,1008.34,31.56,100,8349.33,19.51
20240521161015,0,1008.27,31.11,100,8341.58,19.62
20240521162015,0,1008.31,31.16,100,7470.92,15.78
20240521163015,0,1008.4,30.51,100,5287,8.36
20240521164015,0,1008.54,28.68,100,3003,2.87
20240521165015,0,1008.71,28.23,100,2507.58,1.96
20240522090015,0,1010.76,46.71,40.84,43621.87,862.1
20240522091015,0,1010.67,43.85,45.28,46996.73,589.33
20240522092015,0,1010.68,41.65,48.96,58048.04,890.28
20240522093015,0,1010.72,44.84,43.62,81150.11,1430.55
20240522094015,0,1010.69,47.65,36,57690.83,871.3
20240522095015,0,1010.57,42.85,43.22,39919.69,436.21
20240522100015,0,1010.43,41.98,46.16,67361.79,1155.38
20240522101015,0,1010.39,45.34,39.44,73897.02,1255.87
20240522102015,0.12,1010.27,40.94,46.98,49266.54,660.06
20240522103015,0.04,1010.16,41.04,49.13,59938.54,952.38
20240522104015,0.03,1010.04,38.98,53.7,49252.16,663.14
20240522105015,0.14,1010.12,39.36,52.93,46685.15,604.48
20240522110015,0,1010.17,42.25,45.61,75845.55,1329.06
20240522111015,0.16,1010.17,44.76,39.53,82639,1392.96
20240522112015,0.06,1010.03,40.96,45.34,52598.3,743.36
20240522113015,0.06,1009.86,40.71,47.1,53921.34,791.22
20240522114015,0.12,1009.75,42.48,44.89,72749.18,1306.19
20240522115015,0.04,1009.59,42.78,44.7,71639.43,1252.57
20240522120015,0.12,1009.51,44.17,41.22,86430.58,1660.24
20240522121015,0,1009.38,46.55,37.33,80410.34,1530.62
20240522122015,0.09,1009.29,44.33,39.65,67038.16,1470.96
20240522123015,0.05,1009.14,42.67,43.89,73598.02,1411.54
20240522124015,0.07,1009.07,40.6,48.06,51131.89,887.06
20240522125015,0.15,1008.9,38.73,56.16,56603.21,1020.73
20240522130015,0.29,1008.8,41.95,48.25,58788.95,997.74
20240522131015,0.14,1008.6,38.94,55.37,47628.38,685.32
20240522132015,0.41,1008.51,37.39,61.44,35400.63,387.44
20240522133015,0.25,1008.48,34.94,74.7,24953.91,181.64
20240522134015,0.1,1008.42,34.64,79.63,21658.83,135.78
20240522135015,0.12,1008.43,34.21,82.26,19467.75,112.55
20240522140015,0.03,1008.36,34.29,82.46,20045.67,117.77
20240522141015,0.21,1008.42,33.27,89.68,14749.92,65.62
20240522142015,0.09,1008.39,31.58,99.48,8747.08,22.47
20240522143015,0.09,1008.41,30.61,100,5817.58,9.99
20240522144015,0.06,1008.59,30.05,100,3762.17,4.25
20240522145015,0.09,1008.72,29.58,100,2811.17,2.31
20240522150015,0.09,1008.7,29.16,100,2450.75,1.75
20240522151015,0.03,1008.58,29.18,100,2467.83,1.78
20240522152015,0.1,1008.57,28.43,100,2134,1.26
20240522153015,0.09,1008.64,27.69,100,2499.17,1.81
20240522154015,0.06,1008.66,27.02,100,2787.08,2.22
20240522155015,0.13,1008.61,26.79,100,2386.67,1.69
20240522160015,0.13,1008.53,26.58,100,3375.5,2.89
20240522161015,0.05,1008.4,26.47,100,5705.17,8.96
20240522162015,0.11,1008.39,26.64,100,8202.42,18.69
20240522163015,0.1,1008.41,26.68,100,6968.58,13.56
20240522164015,0.05,1008.46,26.5,100,4064.25,4.98
20240522165015,0.13,1008.46,26.53,100,2685,2.31
20240523090015,0,1010.68,35.68,85.74,31118.08,271.77
20240523091015,0.03,1010.73,35.51,88.1,34573.5,337.38
20240523092015,0.07,1010.74,35.28,89.44,31601.08,280.67
20240523093015,0.06,1010.78,35.72,86.39,35463.08,347.53
20240523094015,0.03,1010.81,35.82,85.13,33566.58,311.5
20240523095015,0.06,1010.86,37.9,76.21,57460.71,892.26
20240523100015,0.09,1010.86,39.08,68.14,56020.27,828.16
20240523101015,0.09,1010.75,37.79,71.96,45286.57,559.22
20240523102015,0.06,1010.76,35.85,80.28,27685,212.71
20240523103015,0.13,1010.78,33.96,89.41,27330.5,202.57
20240523104015,0.03,1010.71,33.35,93.78,28199.08,215.35
20240523105015,0.07,1010.64,33.22,95.3,24908.08,170.37
20240523110015,0.22,1010.64,32.82,97.32,29043.67,236.81
20240523111015,0.16,1010.56,34.44,89.6,58092.56,909.14
20240523112015,0.2,1010.48,38.16,72.61,68986.34,1156.21
20240523113015,0.37,1010.44,38.75,66.34,59645.34,956.06
20240523114015,0.13,1010.27,34.76,81.97,35687.33,348.99
20240523115015,0.37,1010.22,33.87,88.22,38641.43,424.72
20240523120015,0.27,1010.13,34.83,82.76,39856.34,468.45
20240523121015,0.25,1010.1,32.86,91.77,21208.08,126.87
20240523122015,0.25,1010.14,31.66,99.17,20467.25,115
20240523123015,0.07,1010.08,31.27,100,22289.58,136.52
20240523124015,0.17,1009.98,30.71,100,17636.5,87.76
20240523125015,0.16,1009.86,31.51,100,20179.5,113.77
20240523130015,0.15,1009.86,30.26,100,13944.83,54.86
20240523131015,0.05,1009.82,30.62,100,16664.08,79.44
20240523132015,0.1,1009.69,31.32,100,16878.5,82.65
20240523133015,0.11,1009.69,30.29,100,11810.18,39.44
20240523134015,0.1,1009.62,29.84,100,12497.83,43.13
20240523135015,0.05,1009.63,29.41,100,9713.33,26.39
20240523140015,0.08,1009.69,29,100,7802.08,17.19
20240523141015,0.06,1009.72,28.55,100,6438.25,11.48
20240523142015,0.02,1009.78,28.19,100,6026.92,10.23
20240523143015,0.17,1009.73,28.22,100,6136.25,10.53
20240523144015,0,1009.69,27.86,100,5359.44,7.37
20240523145015,0.02,1009.63,27.45,100,6026,9.83
20240523150015,0.05,1009.57,26.92,100,6603.08,12.49
20240523151015,0.03,1009.59,26.45,100,5996.5,11.28
20240523152015,0,1009.63,26.42,100,5066.75,8.26
20240523153015,0,1009.58,26.2,100,3270,3.16
20240523154015,0.03,1009.56,26.08,100,1782,0.96
20240523155015,0.02,1009.48,26.11,100,2123.17,1.31
20240523160015,0.05,1009.47,26.25,100,2464.58,1.71
20240523161015,0.02,1009.53,26.23,100,1596.58,0.77
20240523162015,0,1009.45,26.05,100,1284.42,0.54
20240523163015,0.04,1009.46,25.69,100,822.13,0.23
20240523164015,0,1009.61,25.65,100,562.67,0.12
20240523165015,0,1009.72,25.58,100,545.83,0.1
20240524090015,0,1012.36,33.21,100,15792.96,71.23
20240524091015,0,1012.38,33.14,100,15217.25,66.42
20240524092015,0,1012.39,33.24,100,14495.25,60.27
20240524093015,0,1012.43,33.55,100,16578.42,77.54
20240524094015,0,1012.45,33.81,100,17433,85.61
20240524095015,0,1012.32,34.76,100,19128.25,103.68
20240524100015,0,1012.2,35.16,99.96,18012.83,93.17
20240524101015,0,1012.15,34.52,99.89,13394.33,53.86
20240524102015,0,1012.1,33.11,100,8236,21.56
20240524103015,0,1012.02,31.7,100,10015.92,30.91
20240524104015,0,1011.82,32.83,100,18039.08,91.93
20240524105015,0,1011.69,34.18,100,19161.92,108.11
20240524110015,0,1011.76,35.8,95.97,23563.58,173.79
20240524111015,0,1011.8,34.67,98.12,24572.17,180
20240524112015,0,1011.85,34.49,97.9,20201.83,115.77
20240524113015,0,1011.75,34.71,97.34,21873.25,134.3
20240524114015,0,1011.55,35.67,95.53,29187.75,240.03
20240524115015,0,1011.44,36.93,87.15,27400.83,214.18
20240524120015,0,1011.55,34.07,95.69,16712.83,79.83
20240524121015,0,1011.55,33.12,100,20369.5,114.92
20240524122015,0,1011.53,33.78,99.68,20425,116.51
20240524123015,0,1011.5,34.29,99,21422.96,125.93
20240524124015,0,1011.51,34.28,99.22,23903,155.02
20240524125015,0,1011.53,34.44,99.82,23575.58,153.14
20240524130015,0,1011.41,34.04,100,20812.5,117.43
20240524131015,0,1011.27,33.16,100,20201.67,111.84
20240524132015,0,1011.2,33.45,100,20573.92,115.03
20240524133015,0.02,1011.17,33.15,100,21190.83,125.33
20240524134015,0,1011.14,32.56,100,15698.42,65.97
20240524135015,0.02,1011.07,32.2,100,12081.67,40.43
20240524140015,0.06,1011.07,30.23,100,5548.42,9.8
20240524141015,0,1011.06,29.73,100,6139.81,10.58
20240524142015,0,1010.99,29.35,100,6181,10.1
20240524143015,0,1011,28.16,100,3903.08,4.08
20240524144015,0.08,1010.93,26.38,100,5701.42,8.36
20240524145015,0.02,1011.06,26.23,100,5092.5,6.23
20240524150015,0.06,1010.93,26.3,100,6091.08,10.42
20240524151015,0,1010.99,26.11,100,2518.45,1.68
20240524152015,0.05,1011.02,25.67,100,2835.71,1.87
20240524153015,0.02,1011.35,25.44,100,1590.42,0.63
20240524154015,0.1,1011.23,25.22,100,1956.17,0.86
20240524155015,0.03,1011.21,24.84,100,2673.5,1.55
20240524160015,0.09,1011.34,24.91,100,2281.94,1.19
20240524161015,0.05,1011.49,24.79,100,1210.67,0.42
20240524162015,0.12,1011.47,24.31,100,1058.67,0.36
20240524163015,0.19,1011.39,24.22,100,1740,0.94
20240524164015,0.12,1011.28,24.15,100,2713.83,2.31
20240524165015,0.04,1011.29,24.22,100,2469,2.02
20240526090015,0,1010.57,34.18,97.82,19990.08,116.4
20240526091015,0,1010.59,35.5,99.22,24910,172.52
20240526092015,0,1010.52,37.32,89.39,40057.22,463.08
20240526093015,0,1010.44,44.7,58.56,96093.64,1763.36
20240526094015,0,1010.23,48.86,38.14,66503.96,1012.04
20240526095015,0,1010.15,44.15,43.45,37398.08,383.07
20240526100015,0,1010,41.65,46.43,43885.62,524.85
20240526101015,0,1009.88,40.01,50.87,37548.15,390.52
20240526102015,0,1009.83,38.27,55.25,33186.5,312.95
20240526103015,0,1009.83,36.02,62.75,25463,186.3
20240526104015,0,1009.9,34.45,71.95,20490.74,121.59
20240526105015,0,1010.04,34.69,72.94,19441.08,108.36
20240526110015,0,1010.04,35.08,71.98,20852.75,124.18
20240526111015,0,1010.05,36.51,69.18,22214.42,139.32
20240526112015,0,1009.97,36.78,66.44,22685.58,146.57
20240526113015,0,1009.95,36.75,65.47,21856.42,138.46
20240526114015,0,1009.79,37.17,64.55,23697.67,160.13
20240526115015,0,1009.6,37.87,63.45,24267.66,167.38
20240526120015,0,1009.36,36.56,67.37,23040.83,151.52
20240526121015,0,1009.15,36.54,67.33,25100.25,179.55
20240526122015,0,1008.99,37.3,64.64,25624.08,187.99
20240526123015,0,1008.84,37.59,64.52,23167.04,155.71
20240526124015,0,1008.76,37.09,63.39,20973.33,127.31
20240526125015,0,1008.73,36.27,66.96,18333,97.45
20240526130015,0,1008.73,35.05,73.21,16348.17,76.39
20240526131015,0,1008.59,34.01,79.16,13581.25,52.01
20240526132015,0,1008.54,33.75,82.94,12606.67,44.77
20240526133015,0,1008.5,33.73,81.54,11814.58,39.87
20240526134015,0,1008.38,33.42,83.94,12668,45.18
20240526135015,0,1008.24,33.31,84.18,12443.42,43.92
20240526140015,0,1008.23,33.65,85.01,10963.92,33.4
20240526141015,0,1008.18,33.06,88.75,10633.17,31.55
20240526142015,0,1008.31,32.84,94.31,9270.46,24.61
20240526143015,0,1008.3,32.64,94.95,8540,20.83
20240526144015,0,1008.3,32.45,96.06,9632.42,27.02
20240526145015,0,1008.37,32.65,95.55,11843.84,39.9
20240526150015,0,1008.35,33.3,92.16,12297.5,43.64
20240526151015,0,1008.27,33.46,92.01,12276.25,44.42
20240526152015,0,1008.26,33.75,90.48,11904.08,42.36
20240526153015,0,1008.17,33.8,91.81,12269,44.96
20240526154015,0,1008.01,33.66,89.91,12645.25,47.53
20240526155015,0,1007.9,33.49,90.85,12086.33,43.52
20240526160015,0,1007.8,33.61,88.96,11276.33,38.19
20240526161015,0,1007.82,33.3,91.47,9963.52,30
20240526162015,0,1007.91,32.71,96.94,8548.58,21.94
20240526163015,0,1007.81,32.31,99.88,7484.25,17.01
20240526164015,0,1007.69,32.31,100,7267.75,16.3
20240526165015,0,1007.61,32.31,100,6432,13.04
20240527090015,0,1005.28,37.41,75.92,38056.84,571.6
20240527091015,0,1005.13,43.24,54.9,58653.96,902.72
20240527092015,0,1005.09,40.86,57.18,38503.96,430.95
20240527093015,0,1005.02,41.57,56.98,72531.21,1219.93
20240527094015,0,1004.87,44.12,48.54,80694.42,1347.06
20240527095015,0,1004.71,45.21,42.12,80765.62,1276.75
20240527100015,0,1004.69,45.89,41.43,105557.96,1799.06
20240527101015,0,1004.59,46.67,39.61,83175.74,1489.58
20240527102015,0,1004.7,47.83,38.2,97244.56,1629.7
20240527103015,0,1004.62,43.6,44.54,51823.14,723.34
20240527104015,0,1004.47,41.13,49.84,22318.33,152.12
20240527105015,0,1004.41,37.18,64.51,15951.57,80.44
20240527110015,0,1004.3,36.19,74.27,15455.83,72.59
20240527111015,0,1004.18,36.13,75.03,21771.5,137.38
20240527112015,0,1004.21,36.77,71.94,26835.66,200.02
20240527113015,0,1003.96,37.18,69.95,44537.43,595.86
20240527114015,0,1003.8,38.44,65.01,37703.02,391.95
20240527115015,0,1003.52,39.75,60.31,56116.53,898.67
20240527120015,0,1003.33,38.44,65.32,39261.45,493.72
20240527121015,0,1003.15,39.65,60.53,44433.41,552.06
20240527122015,0,1002.91,39.7,58.91,47974.92,672.15
20240527123015,0,1002.71,41.64,52.22,52622.9,845.56
20240527124015,0,1002.46,39.51,58.14,26336.94,199.14
20240527125015,0,1002.35,37.98,63.44,23907,162
20240527130015,0,1002.36,37.82,65.71,26029.17,186.99
20240527131015,0,1002.09,36.59,75.71,24834.35,176.57
20240527132015,0,1001.85,36.55,74.52,27377.58,216.38
20240527133015,0,1001.71,37.84,68.28,27723.67,229.2
20240527134015,0,1001.71,37.22,68.52,21552.92,141.98
20240527135015,0,1001.73,35.84,72.29,18301.92,98.66
20240527140015,0,1001.79,34.56,90.78,21919.25,141.2
20240527141015,0,1001.88,32.92,99.25,16959.33,82.71
20240527142015,0,1001.85,33.23,98.75,18451.75,96.99
20240527143015,0,1001.81,33.98,91.8,19752.5,112.32
20240527144015,0,1001.69,35.75,85.36,20800.83,126.2
20240527145015,0,1001.55,37.07,78.92,17391.83,88.39
20240527150015,0,1001.34,36.79,75.78,12568.58,48.62
20240527151015,0,1001.16,36.08,78.61,11964.67,44.36
20240527152015,0,1001.02,35.77,79.13,12849.5,49.79
20240527153015,0.06,1001.16,34.02,89.52,12246.75,45.07
20240527154015,0.02,1001.21,32.55,96.84,13307.83,52.91
20240527155015,0,1001.12,32.43,95.63,11416.83,39.12
20240527160015,0.02,1000.86,32.87,96.84,12464.67,49.74
20240527161015,0,1000.63,32.41,100,6932.02,16.25
20240527162015,0.02,1000.48,31.59,100,5774.91,10.62
20240527163015,0.02,1000.3,31.01,100,5658.84,9.9
20240527164015,0,1000.28,30.69,100,4977,7.7
20240527165015,0,1000.45,30.33,100,3978.83,4.84
20240528090015,0.08,1003.79,25.51,100,1480.52,0.43
20240528091015,0.06,1003.71,25.49,100,811.25,0.15
20240528092015,0.04,1004.1,25.18,100,805.67,0.14
20240528093015,0.16,1004.54,24.87,100,995.42,0.2
20240528094015,0.04,1004.64,24.71,100,1048,0.19
20240528095015,0.06,1004.6,24.48,100,1014.75,0.18
20240528100015,0,1004.72,24.26,100,1181.25,0.23
20240528101015,0.13,1004.86,24.01,100,1478.08,0.39
20240528102015,0.07,1005.22,23.97,100,1489.26,0.42
20240528103015,0.1,1005.37,23.89,100,1659.83,0.54
20240528104015,0.16,1005.38,23.75,100,1863.5,0.72
20240528105015,0.07,1005.25,23.58,100,2553.33,1.53
20240528110015,0.13,1005.28,23.53,100,4471.94,5.75
20240528111015,0.08,1005.06,23.62,100,6769.81,13.46
20240528112015,0.16,1005.21,23.72,100,5570.75,9.54
20240528113015,0,1005.21,23.9,100,3724.17,4.32
20240528114015,0.1,1004.96,23.77,100,4434.33,5.98
20240528115015,0.09,1004.89,24,100,7854.17,19.95
20240528120015,0.07,1004.95,24.6,100,13686.92,56.61
20240528121015,0.09,1004.91,25.28,100,13192.36,52.77
20240528122015,0.03,1004.79,25.58,100,14343.25,62.8
20240528123015,0.08,1004.68,25.63,100,15210.42,69.02
20240528124015,0.02,1004.43,25.59,100,13440.25,58.35
20240528125015,0.03,1004.34,25.88,100,11441.92,40.12
20240528130015,0,1004.16,26.13,100,14974.67,67.76
20240528131015,0.09,1004,26.31,100,12964.33,50.41
20240528132015,0.05,1003.93,26.06,100,11805.58,40.94
20240528133015,0.1,1003.9,25.88,100,12411.33,45.71
20240528134015,0.08,1004.03,26.48,100,15883.75,75.63
20240528135015,0.21,1004.2,25.99,100,11182,37.83
20240528140015,0.08,1004.47,25.57,100,9171.3,24.49
20240528141015,0.1,1004.59,25.26,100,6341.33,12.31
20240528142015,0.11,1004.65,25.11,100,6298.92,12.03
20240528143015,0.14,1004.86,24.92,100,5679.42,9.49
20240528144015,0.13,1005.08,24.99,100,6016,10.78
20240528145015,0.08,1005.24,24.74,100,3662.83,3.96
20240528150015,0.13,1005.48,24.66,100,3978.42,4.6
20240528151015,0.1,1005.62,24.85,100,5105.36,7.55
20240528152015,0.07,1005.58,24.9,100,3858.25,4.32
20240528153015,0.2,1005.57,24.78,100,4060.08,4.79
20240528154015,0.11,1005.49,24.86,100,4148.92,5.14
20240528155015,0.11,1005.49,24.89,100,3954.54,4.68
20240528160015,0.06,1005.4,24.78,100,4387.75,5.88
20240528161015,0.17,1005.34,24.98,100,5235.08,8.21
20240528162015,0.15,1005.38,24.78,100,3102.33,2.88
20240528163015,0.14,1005.41,24.68,100,2556.83,1.99
20240528164015,0.15,1005.46,24.58,100,2401.25,1.78
20240528165015,0.16,1005.42,24.64,100,2552.42,2.01
20240529090015,0.02,1010.02,48.52,28.27,85776.42,1620.48
20240529091015,0.02,1009.81,47.32,27.75,83025.51,1550.31
20240529092015,0.02,1009.63,46.08,29.7,86011.73,1537.05
20240529093015,0.06,1009.57,42.91,32.86,66635.67,1135.14
20240529094015,0,1009.56,40.75,37.26,69966.36,1247.41
20240529095015,0.04,1009.45,40.19,39.75,85184.99,1530.84
20240529100015,0.08,1009.47,44.61,31.71,92487.31,1591.47
20240529101015,0.03,1009.43,40.63,38,46861.42,602.23
20240529102015,0.02,1009.44,37.66,44.75,40785.01,463.41
20240529103015,0.02,1009.38,34.39,54.58,31015.08,271.51
20240529104015,0.04,1009.33,34.6,55.13,32735.5,301.9
20240529105015,0.03,1009.3,34.3,56.31,30049.17,254
20240529110015,0.06,1009.17,36.23,53.13,56845.94,870.22
20240529111015,0.04,1009,37.09,50.64,50442.03,716.5
20240529112015,0.08,1008.87,36.22,54.44,49060.05,676.24
20240529113015,0.06,1008.88,38.03,49.45,65780.36,1138.76
20240529114015,0.08,1008.9,38.61,47.78,59034.93,967.55
20240529115015,0.08,1008.81,38.49,47.07,55670.98,884
20240529120015,0.07,1008.74,39.63,44.94,73346.64,1383.13
20240529121015,0.04,1008.7,39.78,44.73,54235.9,853.04
20240529122015,0.04,1008.6,36.88,50.19,39082.71,422.63
20240529123015,0.08,1008.41,36.02,54.26,29350.33,244.61
20240529124015,0.02,1008.37,36.89,52.1,54891.83,901.56
20240529125015,0.04,1008.31,38.8,47.48,62723.34,1120.47
20240529130015,0.03,1008.22,40.05,44.56,54943.16,911.99
20240529131015,0.05,1008.16,41.16,41.34,51169.88,777.53
20240529132015,0.09,1008.04,37.69,48.56,37051.87,413.05
20240529133015,0.05,1007.93,37.63,49.98,39355.35,462.49
20240529134015,0.06,1007.9,36.95,51.45,28020.32,279.98
20240529135015,0.08,1007.86,34.88,58.02,14721.83,84.64
20240529140015,0.03,1007.9,32.16,70.22,13960.17,62.68
20240529141015,0.05,1007.92,30.54,79.86,13436.58,54.26
20240529142015,0.05,1007.92,31.76,75.43,21116.85,131.78
20240529143015,0.03,1007.87,32.29,72.97,20922.25,127.87
20240529144015,0.02,1007.87,32.95,69.85,21887.08,142.72
20240529145015,0,1007.85,32.86,70.48,20641.5,127.29
20240529150015,0.04,1007.78,32.2,73.29,17985.92,95.7
20240529151015,0.03,1007.75,32.05,73.46,17044.42,85.85
20240529152015,0.06,1007.67,30.89,79.53,15325.17,68.38
20240529153015,0.02,1007.68,30.73,82.88,12584.58,46.14
20240529154015,0,1007.66,30.56,84.98,12269.17,43.83
20240529155015,0.02,1007.73,30.73,84.31,10769.17,33.79
20240529160015,0,1007.65,30.15,86.39,9417.75,26.1
20240529161015,0.03,1007.7,28.84,98.23,8773.17,22.56
20240529162015,0,1007.75,29.11,99.29,8138.92,19.42
20240529163015,0,1007.84,28.92,99.23,6400.25,12.13
20240529164015,0.05,1007.86,28.4,100,5511.5,9.03
20240529165015,0.03,1007.92,28.11,100,4289.08,5.5
20240531090015,0.08,1010.55,45.66,42.38,89700.54,1642.65
20240531091015,0.02,1010.51,46.29,42.96,92291.99,1654.36
20240531092015,0.08,1010.46,45.73,44.74,92987.92,1661.68
20240531093015,0.02,1010.46,45.46,45.27,93383.41,1688.07
20240531094015,0.05,1010.43,45.57,43.42,95798.05,1703.09
20240531095015,0,1010.33,46.28,41.58,100180.99,1727.7
20240531100015,0,1010.18,44.28,45.08,67559.44,1060.46
20240531101015,0.05,1010.1,43.78,48,97605.35,1754.97
20240531102015,0.02,1010.04,43.4,49.36,95805.78,1774.75
20240531103015,0.02,1010.07,44.87,45.83,96431.89,1738.9
20240531104015,0.02,1009.99,44.07,47.32,90558.54,1612.54
20240531105015,0,1009.84,43.81,48.43,88519.63,1541.14
20240531110015,0.03,1009.67,44.33,47.05,95871.55,1699.99
20240531111015,0.03,1009.64,44.98,44.78,93464.63,1679.22
20240531112015,0,1009.64,44.58,47.1,91573.42,1648.38
20240531113015,0.04,1009.43,47.09,41.5,93576.58,1679.95
20240531114015,0.1,1009.53,46.73,42.08,89569.91,1652.29
20240531115015,0.02,1009.56,45.01,45.64,67601.67,1121.09
20240531120015,0.03,1009.47,42.38,51.52,46850.11,730.28
20240531121015,0.1,1009.43,40.64,62.46,51315.23,840.8
20240531122015,0.1,1009.35,39.85,65.62,59263.39,1048.82
20240531123015,0,1009.23,43.48,52.75,70538.13,1361.98
20240531124015,0.09,1009.15,43.96,51.23,74398.53,1392.89
20240531125015,0.02,1009.14,46.06,46.49,69139.44,1228.23
20240531130015,0.04,1008.99,45.08,46.53,62156.42,1066.23
20240531131015,0.04,1008.89,42.31,52.78,41814.94,557.83
20240531132015,0.02,1008.74,41.31,54.22,41770.36,494.89
20240531133015,0.02,1008.66,43.62,50.21,63953.12,1178.7
20240531134015,0,1008.58,43.55,48.87,56345.21,959.88
20240531135015,0.06,1008.46,44.26,44.6,32857.1,450.5
20240531140015,0.02,1008.43,38.17,61.65,11945,42.79
20240531141015,0.03,1008.62,35.66,76.27,11344.83,37.12
20240531142015,0.02,1008.7,35.5,80.54,13853.08,52.39
20240531143015,0,1008.84,35.65,83.05,12714.83,43.72
20240531144015,0,1008.82,34.23,93.9,10005.25,26.8
20240531145015,0,1008.85,31.01,100,12459.5,38.29
20240531150015,0,1008.81,30.55,100,15595.5,57.53
20240531151015,0,1008.82,31.37,100,14254.83,54.03
20240531152015,0,1008.73,32.36,100,14521.83,61.28
20240531153015,0,1008.76,33.37,100,12762,47.53
20240531154015,0,1008.73,33.03,100,8579.33,21.6
20240531155015,0,1008.8,32.7,100,10494.42,31.46
20240531160015,0.02,1008.93,32.56,100,8538.61,22.36
20240531161015,0,1008.98,32.35,100,5696.67,10.08
20240531162015,0,1009.03,31.73,100,4015.08,5
20240531163015,0.02,1009.07,31.04,100,4058.25,5.29
20240531164015,0,1009.18,29.33,100,4700.58,7.14
20240531165015,0.03,1009.25,28.31,100,4400.67,6.3
20240601090015,0,1012.26,36.91,84.33,12551.25,45.96
20240601091015,0,1012.33,34.63,98.11,8785.42,21.86
20240601092015,0,1012.31,34.07,100,12713.25,44.72
20240601093015,0,1012.34,34.75,97.02,18639.33,94.28
20240601094015,0,1012.32,35.4,95.57,19399.42,103.66
20240601095015,0,1012.27,37.1,88.34,22169.5,135.28
20240601100015,0,1012.29,36.3,86.05,16602.42,78.2
20240601101015,0,1012.22,36.46,87.68,17845.75,89.51
20240601102015,0,1012.07,37.43,83.34,25789.33,181.26
20240601103015,0,1012.03,37.59,83.72,20022.33,115.82
20240601104015,0,1011.98,37.49,82.36,21261.67,137.95
20240601105015,0,1011.81,40.48,71.3,46757.1,657.3
20240601110015,0,1011.66,39.32,70.72,16405.17,83.96
20240601111015,0,1011.51,36.6,81.68,13428.17,54.63
20240601112015,0,1011.4,35.38,89.65,10794.83,36
20240601113015,0,1011.33,35.65,90.28,16563.15,80.48
20240601114015,0,1011.17,36.79,86.49,35325.19,404.5
20240601115015,0,1011.03,39.34,72.45,30003.72,286.05
20240601120015,0,1010.92,38.99,73.73,27111.75,196.65
20240601121015,0,1010.73,38,76.27,23251.75,147.21
20240601122015,0,1010.6,36.67,82.76,20672.92,117.2
20240601123015,0,1010.5,36.2,86.11,15017,61.43
20240601124015,0,1010.36,35.73,88.58,15480.83,64.24
20240601125015,0.02,1010.16,35.42,90.73,15743.75,65.54
20240601130015,0,1010.03,35.92,89.83,16115,69.25
20240601131015,0,1010.01,34.48,96.83,10746.67,30.85
20240601132015,0,1009.92,33.8,98.19,10343.17,28.53
20240601133015,0,1009.93,33.16,100,7964.67,16.97
20240601134015,0,1009.97,32.69,100,5263.75,7.68
20240601135015,0,1009.95,31.85,100,3902.08,4.37
20240601140015,0,1009.88,31.09,100,7130.25,13.88
20240601141015,0,1009.84,31.27,100,10580.58,29.51
20240601142015,0,1009.87,31.03,100,12279.07,41.02
20240601143015,0,1009.83,30.94,100,12796.5,42.43
20240601144015,0,1009.89,31.28,100,12155.92,38.85
20240601145015,0,1009.79,31.74,100,14295.92,54.26
20240601150015,0,1009.75,31.99,100,14166.17,55.93
20240601151015,0,1009.76,31.44,100,10638.25,31.82
20240601152015,0,1009.67,31.24,100,11158.33,33.53
20240601153015,0,1009.58,31.25,100,7481.75,15.8
20240601154015,0,1009.52,30.97,100,5634.25,8.77
20240601155015,0,1009.52,30.55,100,2511.58,1.94
20240601160015,0,1009.5,30.13,100,2339.83,1.63
20240601161015,0,1009.55,29.97,100,2394.17,1.75
20240601162015,0,1009.56,29.98,100,3350.25,3.16
20240601163015,0,1009.51,29.73,100,3157.92,2.84
20240601164015,0,1009.41,29.38,100,3182.08,3
20240601165015,0,1009.38,29.42,100,3005.08,2.72
20240602090015,0,1009.53,29.54,100,6292.75,10.95
20240602091015,0,1009.59,29.62,100,7444.92,14.86
20240602092015,0,1009.46,29.74,100,6594.17,12.03
20240602093015,0,1009.43,29.23,100,5866.42,9.23
20240602094015,0,1009.46,28.79,100,6238.06,10.05
20240602095015,0,1009.38,28.84,100,6524,10.65
20240602100015,0,1009.35,28.52,100,6502.08,10.67
20240602101015,0,1009.3,28.9,100,7985.83,16.48
20240602102015,0,1009.13,29.52,100,10501,28.68
20240602103015,0,1009.02,29.65,100,8581.83,19.92
20240602104015,0,1008.95,30.8,100,15399.67,59.88
20240602105015,0,1008.85,32.11,100,14789.33,56.29
20240602110015,0,1008.64,31.67,100,15668.83,65.99
20240602111015,0,1008.62,31.74,100,14674,55.84
20240602112015,0,1008.38,31.76,100,12560.67,41.34
20240602113015,0,1008.24,30.83,100,13810.08,50.01
20240602114015,0,1008.07,30.66,100,11250.5,32.05
20240602115015,0,1007.88,30.53,100,10118.75,24.77
20240602120015,0,1007.86,29.38,100,7516.83,14.21
20240602121015,0,1007.9,27.97,100,8101.83,16.1
20240602122015,0,1007.78,28.13,100,9374.92,21.63
20240602123015,0,1007.58,28.21,100,11016.48,33.23
20240602124015,0,1007.39,28.4,100,11558.42,37.27
20240602125015,0,1007.21,28.14,100,8974,19.76
20240602130015,0,1007,27.55,100,5985.58,8.15
20240602131015,0,1006.9,27.03,100,4996.25,5.81
20240602132015,0,1006.86,26.83,100,3936,4.13
20240602133015,0,1006.87,26.83,100,4866.25,6.13
20240602134015,0.03,1006.84,26.93,100,4245.6,4.8
20240602135015,0,1006.76,27.05,100,4254.08,4.73
20240602140015,0,1006.64,27.43,100,5603,7.98
20240602141015,0,1006.5,28.04,100,7536.33,14.77
20240602142015,0,1006.36,28.04,100,7037.08,13.61
20240602143015,0,1006.25,27.79,100,5145.5,7.05
20240602144015,0,1006.21,27.45,100,2234.25,1.38
20240602145015,0.1,1006.08,26.7,100,2598.42,1.85
20240602150015,0.1,1006.04,25.9,100,2961.42,2.37
20240602151015,0.17,1005.83,25.33,100,2763.58,2.18
20240602152015,0.42,1005.91,25.18,100,2729.25,2.04
20240602153015,0.11,1005.8,25.06,100,3124.75,2.81
20240602154015,0.21,1005.77,24.84,100,2703.75,2.24
20240602155015,0.17,1005.64,24.72,100,2636.33,2.08
20240602160015,0.15,1005.62,24.78,100,2910.67,2.47
20240602161015,0.08,1005.59,24.76,100,3254.67,2.81
20240602162015,0.09,1005.61,24.9,100,3026.67,2.73
20240602163015,0,1005.58,25.13,100,2588.67,2.53
20240602164015,0,1005.59,25.1,100,2292.67,1.81
20240602165015,0.02,1005.68,25.1,100,1978.83,1.5
20240603090015,0.05,1009.53,25.81,100,11460,35.97
20240603091015,0.07,1009.48,26,100,12407.17,41.77
20240603092015,0.09,1009.46,25.99,100,10258.5,29.35
20240603093015,0.1,1009.46,25.78,100,11227.5,34.86
20240603094015,0.13,1009.42,26.23,100,11897.5,38.93
20240603095015,0.03,1009.38,26.95,100,16348.08,73.42
20240603100015,0.04,1009.36,27.46,100,12603.75,44.23
20240603101015,0.09,1009.45,26.94,100,12037.17,39.84
20240603102015,0,1009.41,27.44,100,12392.17,42.59
20240603103015,0,1009.44,27.95,100,10922,33.64
20240603104015,0,1009.38,28.19,100,12138.25,40.71
20240603105015,0,1009.39,27.52,100,8047.75,18.4
20240603110015,0,1009.41,27.11,100,6762.92,12.9
20240603111015,0,1009.54,26.44,100,5612.75,8.85
20240603112015,0,1009.61,26.02,100,6389.92,11.34
20240603113015,0,1009.39,26.15,100,9370.08,24.05
20240603114015,0.03,1009.14,27,100,12068.92,39.72
20240603115015,0,1009.06,27.2,100,13487.67,54.36
20240603120015,0,1009.06,28.24,100,14801,64.26
20240603121015,0,1008.94,28.97,100,11097.42,35.4
20240603122015,0,1008.73,28.8,100,11509.58,36.66
20240603123015,0,1008.78,28.69,100,7575.92,15.98
20240603124015,0,1008.79,28.11,100,6873.16,12.93
20240603125015,0,1008.65,28.02,100,10723.83,30.94
20240603130015,0,1008.59,29.31,100,13914.92,54.29
20240603131015,0,1008.6,30.04,100,13470.67,51.38
20240603132015,0,1008.65,30.22,100,13056.75,48.7
20240603133015,0,1008.64,30.08,100,11433,35.92
20240603134015,0,1008.68,29.59,100,10102.83,27.49
20240603135015,0,1008.75,29.21,100,8484.25,19.34
20240603140015,0,1008.88,28.91,100,10182.42,28.16
20240603141015,0,1008.86,28.77,100,10153.08,28.95
20240603142015,0,1008.99,27.86,100,8143.42,18.66
20240603143015,0,1009.05,26.69,100,5846.17,9.79
20240603144015,0,1009.16,26.13,100,4335.58,5.33
20240603145015,0,1009.21,25.81,100,4582.16,6.05
20240603150015,0,1009.34,25.43,100,2724.75,2
20240603151015,0,1009.41,24.57,100,2511.67,1.7
20240603152015,0,1009.5,24.09,100,3407,3.55
20240603153015,0,1009.52,24.51,100,4276.08,5.27
20240603154015,0,1009.45,25.16,100,3644.92,3.8
20240603155015,0,1009.47,25.13,100,2741.25,2.25
20240603160015,0,1009.45,25.09,100,4078.08,4.74
20240603161015,0,1009.54,25.2,100,3453.42,3.49
20240603162015,0,1009.66,24.86,100,2816.17,2.38
20240603163015,0,1009.83,24.73,100,2074,1.27
20240603164015,0,1009.93,24.59,100,1610.58,0.8
20240603165015,0,1010.06,24.64,100,1526.75,0.72
20240604090015,0.06,1013.03,47.32,27.74,93501.47,1721.03
20240604091015,0.07,1013,45.04,31.31,76041.23,1352.5
20240604092015,0.04,1012.94,45.95,30.22,78978.04,1444.77
20240604093015,0.13,1012.96,43.95,32.11,69589.2,1249.57
20240604094015,0.03,1013,40.4,37.65,56021.71,866.34
20240604095015,0.05,1012.98,38.53,42.24,49820.87,675.65
20240604100015,0.08,1012.96,38.89,44.61,74692.14,1353.4
20240604101015,0.07,1012.94,44.38,33.72,98230.84,1764.35
20240604102015,0.1,1012.95,43.63,33.49,65396.55,1096.13
20240604103015,0,1012.91,40.55,40.62,59760.83,984.09
20240604104015,0.02,1012.91,42.27,36.68,72032.4,1330.08
20240604105015,0.1,1012.93,40.91,39.98,54963.53,827.19
20240604110015,0.26,1012.88,40.03,41.48,69925.21,1268.79
20240604111015,0.03,1012.78,40.44,40.33,50676.45,723.29
20240604112015,0.07,1012.69,38.89,44.6,45584.17,594.98
20240604113015,0.02,1012.64,37.32,50.38,35000.65,345.85
20240604114015,0.07,1012.65,36.96,50.92,31633.9,289.9
20240604115015,0.02,1012.62,34.96,57.68,30467.75,265.61
20240604120015,0.03,1012.58,35.23,58.43,33935.38,328.57
20240604121015,0.03,1012.42,36.64,55.37,40926.31,484.4
20240604122015,0.06,1012.34,38.34,49.76,43950.65,606.27
20240604123015,0.06,1012.3,36.58,54.64,34799.82,343.72
20240604124015,0.05,1012.3,35.46,58.27,28653.25,235.36
20240604125015,0.02,1012.29,35.05,60.72,29232.64,246.72
20240604130015,0.08,1012.31,34.91,60.09,27074.25,210.75
20240604131015,0,1012.29,34.55,62.59,27642.92,235.51
20240604132015,0.02,1012.26,35.43,58.62,33310.43,322.13
20240604133015,0.02,1012.16,36.94,53.65,36012.91,391.87
20240604134015,0.03,1012.06,37.17,53.21,40790.79,581.12
20240604135015,0.03,1012,37.85,50.46,27953.88,269.77
20240604140015,0.08,1011.92,34.76,59.45,18271.06,97.08
20240604141015,0.06,1012.05,33.07,69.03,18700.09,101.97
20240604142015,0,1012.05,33.12,70.05,17089.08,84.66
20240604143015,0.02,1012.11,32.81,74.19,19187.33,106.54
20240604144015,0.02,1012.05,32.95,73.28,18721.58,101.8
20240604145015,0.02,1012.01,33.47,70.81,19411.74,109.2
20240604150015,0.03,1012,33.77,70.23,17629.5,91.67
20240604151015,0.05,1011.95,33.13,71.53,13284.42,51.08
20240604152015,0,1011.86,32.8,74.79,14925.83,64.91
20240604153015,0.03,1011.82,32.57,76.68,15353.75,68.32
20240604154015,0.02,1011.79,32.37,78.73,12893.08,48.76
20240604155015,0,1011.89,32.12,78.57,11297.17,37.04
20240604160015,0.03,1011.95,31.76,80.69,11937.42,41.5
20240604161015,0.02,1011.97,31.62,81.51,9881.29,29.37
20240604162015,0,1012.01,31.17,84.97,6678.25,13.44
20240604163015,0,1012.16,30.13,92.34,4655,6.58
20240604164015,0,1012.14,29.86,95.78,5104.92,7.83
20240604165015,0,1012.23,29.78,97.08,5155.83,8.12
20240606090015,0,1010.98,40.37,59.53,50781.12,717.24
20240606091015,0,1010.88,44.8,40.99,61808.58,1011.75
20240606092015,0,1010.84,43.06,43.19,37516.01,383.7
20240606093015,0,1010.73,37.86,53.4,33090.92,293.57
20240606094015,0,1010.78,36.38,61.98,32756.25,279.88
20240606095015,0,1010.71,37.06,61.9,28174,215.53
20240606100015,0,1010.65,36.09,66.14,26176.94,186.65
20240606101015,0,1010.71,35.43,69.22,26256.58,187.55
20240606102015,0,1010.75,35.33,71.91,29600.45,238.54
20240606103015,0,1010.83,37.58,61.71,43722.67,524.67
20240606104015,0.02,1010.85,35.7,67.87,27984.33,213.59
20240606105015,0,1010.83,35.53,71.16,29638.75,242.4
20240606110015,0,1010.79,36.56,66.95,39745.54,424.09
20240606111015,0,1010.71,37.78,63.39,58568.78,883.33
20240606112015,0,1010.53,39.71,55.28,62862.77,1025.38
20240606113015,0,1010.4,39.78,55.63,52077.36,743.41
20240606114015,0,1010.31,38.67,59.04,41418.66,468.46
20240606115015,0,1010.2,39.49,57.96,42167.98,486
20240606120015,0.03,1010.17,38.96,58.64,33239.91,309.77
20240606121015,0,1010.1,34.78,76.89,25686.58,185.55
20240606122015,0,1009.98,34.89,78.13,41341.63,475.08
20240606123015,0.02,1009.83,36.51,70.46,41604.58,483.58
20240606124015,0,1009.78,38.37,63.48,58388.5,987.62
20240606125015,0.04,1009.65,39.83,58.16,55792.61,897.32
20240606130015,0,1009.64,38.4,61.91,39611.58,456.65
20240606131015,0.04,1009.58,37.53,65.33,30800.65,276.26
20240606132015,0,1009.5,35.21,76.37,23350.23,155.97
20240606133015,0.02,1009.41,34.3,82.1,25702.68,191.1
20240606134015,0.07,1009.32,35.37,77.39,26073.17,197.07
20240606135015,0.02,1009.32,34.64,81.37,23718.67,160.87
20240606140015,0.02,1009.28,34.11,85.9,23339.08,154.88
20240606141015,0.02,1009.23,33.16,95.19,22656.5,138.89
20240606142015,0,1009.14,32.72,98.54,16826.67,76.34
20240606143015,0.02,1008.98,32.21,99.23,15082.65,61.14
20240606144015,0,1008.9,31.72,100,13534.66,48.15
20240606145015,0,1008.85,31.49,100,16552.96,74.51
20240606150015,0,1008.8,31.37,100,15893.92,68.47
20240606151015,0,1008.83,31.1,100,12000.83,38.58
20240606152015,0,1008.84,30.64,100,7403.08,15.4
20240606153015,0,1008.79,30.1,100,6444.5,11.66
20240606154015,0,1008.64,30.04,100,6952.73,13.46
20240606155015,0,1008.57,30.1,100,6321.33,11.25
20240606160015,0,1008.55,30.63,100,6130.58,10.88
20240606161015,0,1008.58,30.25,100,5287.68,8.24
20240606162015,0,1008.52,30.38,100,6816.17,13.2
20240606163015,0,1008.56,30.39,100,6408.92,11.66
20240606164015,0,1008.62,30.42,100,3844.25,4.81
20240606165015,0,1008.58,29.61,100,1605.38,0.94
20240607090015,0,1010.44,27.56,100,21691.17,152
20240607091015,0.02,1010.16,28.2,100,32391.4,308.8
20240607092015,0,1009.69,29.62,100,31270.94,271.35
20240607093015,0.1,1009.66,29.02,100,27899.92,206.54
20240607094015,0.07,1009.58,30.4,100,31198.51,260.83
20240607095015,0.03,1009.32,31.34,100,34964.69,381.58
20240607100015,0.1,1008.98,33.53,100,54835.04,865.41
20240607101015,0.17,1008.86,34.12,100,62448.95,988.02
20240607102015,0.08,1008.84,39.62,90.24,106511.33,1927.69
20240607103015,0.19,1008.85,40.83,77.05,83736.19,1450.74
20240607104015,0.05,1008.72,39.88,77.61,75351.76,1378.9
20240607105015,0.04,1008.59,40.13,77.76,99065.31,1822.35
20240607110015,0.06,1008.56,40.88,73.32,84302.19,1536.32
20240607111015,0.08,1008.48,41.32,69.35,101188.32,1822.51
20240607112015,0.1,1008.34,39.61,74.26,80424.72,1533.61
20240607113015,0.06,1008.24,41.54,66.07,95223.23,1770.95
20240607114015,0.16,1008.07,40.24,68.86,52212.94,840.08
20240607115015,0.12,1007.95,39.88,72.35,85594.68,1678.39
20240607120015,0.19,1007.85,41.64,64.51,85185.17,1609.29
20240607121015,0.26,1007.72,41.25,65.12,79114.79,1486.13
20240607122015,0.14,1007.63,42.08,61.82,79617.73,1536.35
20240607123015,0.18,1007.62,40.87,65.31,75521.94,1447.02
20240607124015,0.23,1007.62,39.72,66.63,65425.47,1138.16
20240607125015,0.11,1007.47,36.87,80.52,36075.96,533.74
20240607130015,0.15,1007.28,33.11,99.91,17684.5,93.06
20240607131015,0.11,1007.18,33.05,100,22698.75,150.9
20240607132015,0.25,1007.2,33.19,100,26882.25,213.67
20240607133015,0.14,1007.03,33.66,100,30009.92,264.83
20240607134015,0.28,1006.93,33.75,100,20258.34,115.96
20240607135015,0.1,1006.91,32.67,100,22682.33,145.9
20240607140015,0.12,1006.88,32.08,100,16399.92,77.81
20240607141015,0.07,1006.88,31.28,100,12853.92,45.65
20240607142015,0.07,1006.81,31.3,100,15103.83,62.26
20240607143015,0.15,1006.74,31.27,100,16977.25,78.37
20240607144015,0.08,1006.75,30.59,100,11027.67,33.66
20240607145015,0.03,1007.02,27.88,100,6971.58,14.67
20240607150015,0.02,1007.13,27.06,100,4903.75,7.46
20240607151015,0.07,1007.22,26.67,100,3347.33,3.4
20240607152015,0.1,1007.36,26.57,100,3734.08,3.97
20240607153015,0.3,1007.3,26.24,100,4461.67,5.72
20240607154015,0.09,1007.21,26.26,100,6093.42,10.63
20240607155015,0.14,1007.18,26.39,100,4626.83,6.34
20240607160015,0.16,1007.14,26.16,100,3664.83,3.69
20240607161015,0.1,1007.07,26.07,100,3305.25,3.3
20240607162015,0.1,1007.18,26.03,100,2768.75,2.09
20240607163015,0.16,1007.15,25.87,100,3633.67,3.46
20240607164015,0.13,1007.18,25.77,100,2039.17,1.11
20240607165015,0.11,1007.26,25.82,100,2080.58,1.11
20240608090015,0,1008.39,42.86,64.12,67362.33,1159.29
20240608091015,0.02,1008.3,44.35,57.56,91887.51,1669.51
20240608092015,0.03,1008.37,44.21,54.41,90667.62,1671.93
20240608093015,0,1008.5,43.2,56.02,74253.7,1297.84
20240608094015,0.03,1008.62,41.49,64.15,90136.28,1623.33
20240608095015,0.03,1008.72,42.67,60.96,79107.63,1322.07
20240608100015,0.07,1008.72,40.57,70.86,77167.35,1552.54
20240608101015,0.08,1008.79,39.43,73.94,67661.59,1192.21
20240608102015,0.1,1008.74,38.4,81.73,53251.29,893.91
20240608103015,0.07,1008.7,36.28,95.88,47219.21,793.26
20240608104015,0.05,1008.73,39.79,77.64,74314.8,1269.93
20240608105015,0.02,1008.65,40.89,75.22,98017.55,1719.99
20240608110015,0.1,1008.6,42.91,62.82,80986.59,1382.98
20240608111015,0.1,1008.6,43.67,58.29,93714.4,1630.21
20240608112015,0.06,1008.59,41.7,64.79,51980.39,862.42
20240608113015,0.02,1008.39,37.54,83.73,42274.92,491.88
20240608114015,0.09,1008.18,36.71,90.91,37975.81,412.87
20240608115015,0.05,1007.84,37.92,86.18,47649.75,654.21
20240608120015,0.04,1007.5,35.07,99.06,25328.83,183.3
20240608121015,0.08,1007.15,32.83,100,19190.92,100.18
20240608122015,0.06,1007.12,32.56,100,23630.33,254.42
20240608123015,0.02,1007.14,37.74,93.55,52413.98,800.32
20240608124015,0,1007.11,37.93,88.99,44188.8,604.88
20240608125015,0.02,1007.04,36.36,96.22,29048.11,252.81
20240608130015,0.05,1006.97,37.47,92.77,57033.11,980.37
20240608131015,0.04,1006.88,40.47,77.52,56812.8,976.6
20240608132015,0.09,1006.76,41.19,71.55,57836.01,1009.95
20240608133015,0.24,1006.54,40.94,70.27,52677.72,844.13
20240608134015,0.04,1006.3,40.69,70.13,48899.8,732.88
20240608135015,0.18,1006.14,39.77,73.4,44478.56,615.74
20240608140015,0.11,1005.99,37.29,84.76,9803.17,56.83
20240608141015,0.08,1005.94,31.66,100,8046,18.47
20240608142015,0.06,1006.05,31.49,100,12164.42,42.04
20240608143015,0.09,1006,31.33,100,11024.92,33.08
20240608144015,0.07,1005.98,31.87,100,10466,30.75
20240608145015,0.07,1006.02,31.73,100,11509.42,36.76
20240608150015,0.06,1006.01,31.15,100,9282.58,22.83
20240608151015,0.17,1006.08,30.77,100,9124,22.26
20240608152015,0.14,1006.19,30.7,100,10815.17,31.54
20240608153015,0.16,1006.23,31.02,100,10553.83,30.08
20240608154015,0.15,1006.26,31.28,100,11169,38.33
20240608155015,0.17,1006.32,32.23,100,12874.5,49.86
20240608160015,0.05,1006.41,31.98,100,10212.42,31.02
20240608161015,0.09,1006.47,31.11,100,7182.34,14.96
20240608162015,0.17,1006.46,30.06,100,6741.08,12.95
20240608163015,0.03,1006.44,30.35,100,8205.58,19.26
20240608164015,0.04,1006.59,30.38,100,7400.75,16.45
20240608165015,0.02,1006.7,30.26,100,5336.75,8.69
20240611130015,0,1005.67,38.2,90.25,26529.7,200.96
20240611131015,0,1005.57,38.99,86.95,25465.5,186
20240611132015,0,1005.59,39.36,84.17,36423.56,474.6
20240611133015,0.02,1005.65,42.84,72.64,61961.41,1160.13
20240611134015,0,1005.59,44.65,60.31,44839.73,628.94
20240611135015,0,1005.61,45.72,55.11,41693.19,569.51
20240611140015,0,1005.41,39.94,80.58,20954.67,126.41
20240611141015,0,1005.34,38.24,95.56,20582.58,121.11
20240611142015,0,1005.28,37.18,99.08,18581.08,99.27
20240611143015,0,1005.36,36.07,99.73,14870.83,63.69
20240611144015,0,1005.35,35.69,100,14386.08,59.81
20240611145015,0,1005.25,36.26,100,14770,62.61
20240611150015,0,1005.1,35.61,100,12662.67,47.47
20240611151015,0,1004.92,34.91,100,11944.5,41.77
20240611152015,0,1004.93,33.87,100,10758.5,33.65
20240611153015,0,1004.97,33.73,100,10572.58,33.19
20240611154015,0,1004.89,33.99,100,9993.67,30.17
20240611155015,0,1004.76,33.48,100,8123.17,20.14
20240611160015,0,1004.7,32.56,100,6472.75,12.74
20240611161015,0,1004.64,32.05,100,6194.08,11.13
20240611162015,0,1004.67,32.17,100,6550.83,12.14
20240611163015,0,1004.66,32.18,100,7102.75,14.78
20240611164015,0,1004.61,32.49,100,6503.17,12.9
20240611165015,0,1004.72,32.31,100,5278,8.25
20240612090015,0,1006.72,37.32,93.67,22558.58,140.83
20240612091015,0,1006.75,37.45,97.51,22227.08,134.95
20240612092015,0,1006.7,37.75,99.6,19581.83,103.89
20240612093015,0,1006.66,36.83,99.37,17938.92,85.98
20240612094015,0,1006.58,37.51,98.13,42381.74,619.36
20240612095015,0,1006.43,40.85,84.65,65383.25,1045.06
20240612100015,0,1006.28,44.34,68.22,74349.54,1222.29
20240612101015,0.02,1006.2,48.74,52.52,81993.57,1366.76
20240612102015,0,1006.03,48.88,44.77,42932.1,505.89
20240612103015,0,1005.88,44.17,60.44,43442,630.79
20240612104015,0,1005.85,44.67,59.4,43741.78,547.86
20240612105015,0,1005.76,46.53,52.82,72627.13,1217.83
20240612110015,0,1005.71,47.18,44.71,43647.17,683.13
20240612111015,0,1005.71,43.23,59.34,51328.75,723.99
20240612112015,0,1005.5,42.11,63.57,52089.99,775.17
20240612113015,0,1005.44,46.05,51.19,78635.56,1415
20240612114015,0,1005.37,46.1,49.01,42759.26,575.14
20240612115015,0,1005.26,41.84,64.49,25822.08,182
20240612120015,0,1005.23,40.23,71.52,27993.67,211.89
20240612121015,0,1005.21,40.27,75.73,26192.92,187.57
20240612122015,0,1004.99,41.13,74.39,34387.52,385.87
20240612123015,0,1004.83,42.74,65.33,36643.34,401.46
20240612124015,0,1004.7,41.69,69.98,31964.72,334.98
20240612125015,0,1004.71,42.93,63.46,33245.18,301.12
20240612130015,0,1004.59,41.25,71.88,21527,132.49
20240612131015,0,1004.5,39.56,85.28,32056.71,316.74
20240612132015,0,1004.52,41.55,73.82,34879.78,361.45
20240612133015,0,1004.61,44.78,60.99,32583.41,320.92
20240612134015,0,1004.56,41.7,66.92,15806.42,71.66
20240612135015,0,1004.57,36.4,99.02,10222.67,28.19
20240612140015,0,1004.63,34.29,100,12679.5,41.82
20240612141015,0,1004.95,34.49,100,12115.67,38.78
20240612142015,0,1004.86,33.94,100,7018.92,13.83
20240612143015,0,1004.66,32.24,100,8926.83,24.85
20240612144015,0,1004.54,33.44,100,15404.33,67.8
20240612145015,0,1004.53,35.09,100,16495.67,78.34
20240612150015,0,1004.39,35.88,100,16174.58,74.81
20240612151015,0,1004.54,34.62,100,12553.42,44.11
20240612152015,0,1004.44,33.68,100,9517.92,25.92
20240612153015,0,1004.28,32.34,100,6694.33,12.89
20240612154015,0,1004.25,31.92,100,6257.83,11.16
20240612155015,0,1004.23,31.39,100,7195.42,15.54
20240612160015,0,1004.11,31.84,100,9192.67,26.44
20240612161015,0,1003.89,32.73,100,10792.08,34.54
20240612162015,0,1003.83,33.44,100,8412,21.03
20240612163015,0,1003.61,33.08,100,5936.92,11.28
20240612164015,0,1003.5,32.35,100,5355.83,9.15
20240612165015,0,1003.59,32.4,100,4895.17,7.68
20240613090015,0,1006.35,30.23,100,10953.83,33.47
20240613091015,0,1006.27,31.37,100,17098.42,80.58
20240613092015,0,1005.95,33.16,100,17764.75,85.48
20240613093015,0,1005.76,33.27,100,14200.58,55.64
20240613094015,0,1005.53,33.05,100,14169.5,56.11
20240613095015,0,1005.38,33.35,100,17637.92,84.9
20240613100015,0,1005.18,34.22,100,20078.25,110.62
20240613101015,0,1005.03,35.08,100,20344.33,113.97
20240613102015,0,1004.95,35.07,100,18713.75,100.01
20240613103015,0,1004.8,35.73,100,20008.75,114.96
20240613104015,0,1004.63,35.78,100,30113.06,267.19
20240613105015,0,1004.38,36.92,100,28096.67,221.84
20240613110015,0,1004.17,37.86,98.48,29085.17,241.29
20240613111015,0.03,1003.9,37.85,97.45,33311.78,318.7
20240613112015,0,1003.66,39.66,91.01,48004.28,630.1
20240613113015,0.04,1003.54,39.54,84.63,38109.02,422.48
20240613114015,0,1003.3,39.88,82.96,47148.48,629.75
20240613115015,0,1003.16,40.81,76.22,44878.75,559.9
20240613120015,0,1003.15,41.46,69.68,51125.28,783.77
20240613121015,0,1003.22,44.22,59.78,52935.39,764.04
20240613122015,0.02,1003.26,42.7,58.01,43087,519.89
20240613123015,0,1003.17,44.37,57.78,65428.71,1154.5
20240613124015,0,1003.22,44.5,58.22,66673.77,1185.72
20240613125015,0,1003.26,48.11,45.49,68510.89,1230.86
20240613130015,0.03,1003.15,46.97,43.5,66792.9,1203.52
20240613131015,0.07,1003.06,47.28,43.61,62369.53,1111.46
20240613132015,0,1002.99,45.05,48.35,45052.8,637.92
20240613133015,0.08,1002.97,43.42,55.52,48013.8,742.25
20240613134015,0.05,1002.96,46.36,48.19,50190.68,827.72
20240613135015,0.03,1002.98,43.44,55.01,37501.96,481.82
20240613140015,0.08,1003.05,39.79,69.94,21018.33,133.38
20240613141015,0.02,1003.2,36.69,93.38,19642.5,111.06
20240613142015,0.06,1003.24,35.48,100,17080.58,82.62
20240613143015,0.1,1003.33,34.58,100,14081,54.7
20240613144015,0.02,1003.31,33.64,100,14621.92,59.41
20240613145015,0.05,1003.39,33.76,100,13345,49.5
20240613150015,0.1,1003.41,33.58,100,13381.08,51.4
20240613151015,0.06,1003.42,33.14,100,13316.17,50.59
20240613152015,0.07,1003.3,33.8,100,13440.5,50.85
20240613153015,0.03,1003.24,33.25,100,11659.08,38.5
20240613154015,0.02,1003.12,33.5,100,11807.17,40.02
20240613155015,0.02,1002.91,34.06,100,12420.75,45.82
20240614090015,0,1005.12,29.49,100,8252.17,17.79
20240614091015,0,1004.99,29.96,100,9766.42,25.85
20240614092015,0,1004.72,30.42,100,9826.94,26.06
20240614093015,0,1004.71,30.34,100,9681.67,26.12
20240614094015,0,1004.72,30.91,100,13503.25,50.82
20240614095015,0,1004.51,32.98,100,18859.58,91.44
20240614100015,0,1004.19,33.98,100,18387.83,86.86
20240614101015,0,1004.23,34.23,100,18259,86.19
20240614102015,0.3,1004.3,34.88,100,20276.92,105.05
20240614103015,0,1004.43,34.98,100,16573.67,73.86
20240614104015,0,1004.62,34.27,100,14527.67,56.06
20240614105015,0,1004.62,34.48,100,17652.42,85.35
20240614110015,0.04,1004.63,36.24,100,30105.6,234.17
20240614111015,0,1004.55,36.85,100,32546.75,270.81
20240614112015,0,1004.61,34.51,100,22546.17,129.51
20240614113015,0,1004.6,34.35,100,17514.58,79.31
20240614114015,0.12,1004.51,33.38,100,17623.58,80.52
20240614115015,0.58,1004.52,33.6,100,19275.92,96.96
20240614120015,0.32,1004.42,33.32,100,18201.58,88.57
20240614121015,0.53,1004.26,33.26,100,19978.83,110.3
20240614122015,0.94,1004.16,34.15,100,27970,222.72
20240614123015,1.07,1004.08,37.9,98.83,59481.01,1006.57
20240614124015,0.37,1003.94,39.72,94.03,47993.88,652.3
20240614125015,0.22,1003.83,39.14,92.09,31810.79,280.04
20240614130015,0.23,1003.64,36.51,100,28605.67,225.74
20240614131015,0.11,1003.59,35.28,100,22292.75,135.34
20240614132015,0.04,1003.61,35.27,100,24457.34,163.3
20240614133015,0.15,1003.57,35,100,18542.17,95.93
20240614134015,0.29,1003.67,34.47,100,18050.92,90.59
20240614135015,0.15,1003.67,34.52,100,17239.67,82.53
20240614140015,0.1,1003.75,34.03,100,17288.8,83.43
20240614141015,0.24,1003.74,34.66,100,16180.33,73.82
20240614142015,0.03,1003.61,33.76,100,13640.08,52.51
20240614143015,0.04,1003.58,33.81,100,13992.58,56.59
20240614144015,0,1003.61,34.05,100,13867.08,54.99
20240614145015,0,1003.65,34.31,100,14338.42,59.66
20240614150015,0.05,1003.47,34.29,100,14648.83,62.58
20240614151015,0.27,1003.41,34.45,100,13638.08,53.95
20240614152015,0.64,1003.39,35.21,100,12982.5,49.3
20240614153015,0.9,1003.36,34.84,100,12583.58,46.73
20240614154015,0.39,1003.34,34.19,100,11625.08,39.95
20240614155015,0.53,1003.5,34.47,100,11522,38.89
20240614160015,0.34,1003.41,33.94,100,10767.08,34.01
20240614161015,0.11,1003.31,33.41,100,8631.83,22.35
20240614162015,0.03,1003.38,33.37,100,6914.08,14.62
20240614163015,0.11,1003.36,32.58,100,5981.42,10.93
20240614164015,0.03,1003.34,32.15,100,6056.83,11.21
20240614165015,0.02,1003.41,31.86,100,5685.58,9.99
20240615090015,0,1004.64,50.04,31.87,89650.94,1672.8
20240615091015,0,1004.69,50.04,31.5,93033.56,1713.6
20240615092015,0,1004.62,49.94,32.37,94864.94,1717.85
20240615093015,0.2,1004.55,50.84,31.41,94483.1,1667.9
20240615094015,0.03,1004.46,48.17,34.66,84482.95,1525.65
20240615095015,0.03,1004.46,48.93,34.62,87941.22,1556.9
20240615100015,0.03,1004.45,48.81,35.61,108070.52,1807.38
20240615101015,0,1004.47,50.11,31.52,92534.21,1550.53
20240615102015,0,1004.36,49.41,31.48,70146.76,1137.26
20240615103015,0,1004.43,48.6,34.29,78792.79,1381.1
20240615104015,0.24,1004.42,46.25,39.49,62121.43,996.39
20240615105015,0.85,1004.42,44.65,45.08,68490.59,1217.28
20240615110015,0.4,1004.37,45.56,44.89,86390.34,1599.62
20240615111015,0.16,1004.31,48.61,35.89,90062.25,1631.55
20240615112015,0.33,1004.16,47.17,37.55,82467.04,1548.01
20240615113015,0.21,1004.06,46.21,40.17,83215.44,1625.65
20240615114015,0,1004.01,46.1,40.45,80322.83,1606.58
20240615115015,0.06,1003.96,45.85,41.06,79564.73,1597.93
20240615120015,0.21,1004.02,44.6,42.34,65589.71,1171.67
20240615121015,0.24,1004.03,41.55,54.16,50953.73,766.56
20240615122015,0.4,1004.02,41.58,62.92,63888.79,1154.66
20240615123015,0.67,1003.94,41.92,64.02,56087.07,1029.22
20240615124015,0.12,1003.99,43.82,55.47,73937.81,1434.43
20240615125015,0.14,1003.91,45.11,50.79,68805.04,1242.68
20240615130015,0.15,1003.92,42.44,59.56,39999.38,505.4
20240615131015,0.13,1004.05,39.42,81.67,42958.72,567.25
20240615132015,0.68,1003.98,42.77,64.2,54548.09,864.84
20240615133015,0,1004.04,45.05,55.06,50843.47,764.35
20240615134015,0.15,1003.99,42.85,61.78,45801.45,617.46
20240615135015,0.03,1004.11,42.92,62.46,41021.62,492.99
20240615140015,0.65,1004.06,40.01,78.55,21719.08,201.02
20240615141015,0.04,1004.06,37.09,95.83,9420,28.72
20240615142015,0.24,1004.05,35.15,100,11606.92,43.96
20240615143015,1.39,1004.11,34.57,100,9401.08,28.53
20240615144015,0.04,1004.18,34.03,100,7761.83,19.23
20240615145015,0.12,1004.25,33.38,100,6343.17,13.18
20240615150015,1.12,1004.19,33.39,100,7471.75,18.04
20240615151015,0.43,1004.19,33.1,100,6301.42,13.05
20240615152015,0.77,1004.15,32.91,100,4726.42,7.26
20240615153015,1.82,1004.06,32.85,100,4198.17,5.68
20240615154015,1.09,1004.08,32.72,100,3754.5,4.35
20240615155015,1.7,1004.12,32.79,100,3662.25,3.97
20240615160015,0,1004.28,32.73,100,3535.17,3.57
20240615161015,1.45,1004.41,32.45,100,3254.25,2.88
20240615162015,0,1004.44,31.99,100,3031.42,2.44
20240615163015,0,1004.37,31.99,100,2895,2.15
20240615164015,1.05,1004.49,31.96,100,2731.08,1.86
20240615165015,0,1004.52,31.91,100,2695.67,1.83
20240616090015,0.02,1008.66,37.84,80.46,31952.83,300.81
20240616091015,0.04,1008.68,40.38,70.38,40286.65,486.34
20240616092015,0.04,1008.68,43.25,55.6,62668.35,1058.27
20240616093015,0,1008.63,44.46,50.35,61333.63,1021.57
20240616094015,0.08,1008.64,47.51,43.16,103203.15,1851.37
20240616095015,0.06,1008.69,45.14,46.17,63671.19,1031.27
20240616100015,0.17,1008.69,43.39,54.16,62679.52,986.53
20240616101015,0,1008.66,45.57,48.76,78880.29,1309.57
20240616102015,0,1008.68,46.18,46.77,97315.51,1809.44
20240616103015,0,1008.62,45.97,46.16,93118.56,1751.61
20240616104015,0.11,1008.65,45.86,46.61,91539.46,1736.21
20240616105015,0.02,1008.56,45.43,47.21,84275.23,1610.39
20240616110015,0,1008.39,43.36,52.63,64668.09,1095.15
20240616111015,0.05,1008.28,45.8,46.25,88341.38,1703.62
20240616112015,0.03,1008.12,43.98,48.8,60027.3,998.9
20240616113015,0.05,1008,41.96,56.2,40141.43,465.18
20240616114015,0,1007.86,40.7,63.68,43342.42,547.36
20240616115015,0.28,1007.66,41.16,61.8,42602.07,534.07
20240616120015,0.38,1007.52,40.84,61.62,36760.39,395.55
20240616121015,0.29,1007.35,39.1,71.95,27720,222.38
20240616122015,0.34,1007.23,38.95,76.93,26320.67,201.5
20240616123015,0,1007.03,38.64,83.45,28379.58,234.82
20240616124015,0.2,1006.96,38.97,86.43,30935.42,278.66
20240616125015,0.32,1006.87,38.27,93.73,33106.83,318.68
20240616130015,0.28,1006.71,39.11,86.72,41447.83,496.46
20240616131015,0,1006.61,39.93,81.09,41566.41,506.25
20240616132015,0,1006.52,40.86,74.41,39951.32,472.74
20240616133015,0,1006.5,40.47,74.07,33333.17,332.14
20240616134015,0,1006.43,39.72,77.55,35532.57,385.39
20240616135015,0.17,1006.45,41.17,68.38,35222.6,374.49
20240616140015,1.58,1006.43,41.46,65.17,24454.08,191.28
20240616141015,1.35,1006.35,38.18,79.55,17002.75,83.72
20240616142015,0,1006.41,36.75,94.71,14089.33,57.64
20240616143015,0.15,1006.45,35.58,100,9093,24.55
20240616144015,0.03,1006.44,34.22,100,6328,11.2
20240616145015,0.02,1006.35,33.86,100,8753.17,22.1
20240616150015,0,1006.22,34.3,100,11126.25,34.41
20240616151015,0.04,1006.1,34.76,100,11068.83,33.76
20240616152015,0.2,1006.07,34.55,100,8869.83,21.77
20240616153015,0,1006.12,34.38,100,8026.75,18.12
20240616154015,0,1006.18,34.34,100,8823.83,21.92
20240616155015,0,1006.24,34.41,100,10375.08,30.69
20240616160015,0.56,1006.26,34.49,100,8640,21.97
20240616161015,1.08,1006.36,34.17,100,6568.75,12.57
20240616162015,0.74,1006.58,33.68,100,5161.25,7.65
20240616163015,0.02,1006.58,33.56,100,5174.08,7.7
20240616164015,0,1006.6,33.34,100,4289.75,5.35
20240616165015,0,1006.78,33.17,100,5420.42,8.86
20240617090015,0,1008.62,30.74,100,10935.5,31.58
20240617091015,0,1008.64,31.28,100,12184.25,39.75
20240617092015,0,1008.68,31.97,100,14546.17,56.76
20240617093015,0,1008.58,32.96,100,15472.25,64.34
20240617094015,0,1008.49,33.95,100,17426.33,81.04
20240617095015,0,1008.39,35.24,100,18190.58,87.5
20240617100015,0,1008.33,35.96,100,18894.75,92.97
20240617101015,0.06,1008.32,35.74,100,19404.83,97.44
20240617102015,0,1008.35,36.46,100,20294,105.55
20240617103015,0.11,1008.42,36.91,100,20874.67,110.57
20240617104015,0.92,1008.56,35.78,100,20472.83,108.29
20240617105015,0,1008.56,36.4,100,17149.58,75.62
20240617110015,0,1008.5,35.91,100,15368.58,59.62
20240617111015,0,1008.45,34.85,100,13047.75,43.76
20240617112015,0,1008.3,33.83,100,11351.83,33.76
20240617113015,0,1008.32,33.04,100,11195.92,33.07
20240617114015,0,1008.2,33.42,100,12498.92,40.93
20240617115015,0,1008.11,33.66,100,14492.83,55.02
20240617120015,0,1007.98,33.62,100,15597.75,63.6
20240617121015,0,1007.88,33.85,100,17127.83,77.19
20240617122015,0,1007.73,34.86,100,21606,122.03
20240617123015,0,1007.66,35.78,100,24389.33,157.7
20240617124015,0,1007.52,36.23,100,27516.58,207.9
20240617125015,0,1007.34,38.78,92.96,38887.12,412.25
20240617130015,0,1007.19,40.39,81.15,45655.4,586.94
20240617131015,0.02,1007.05,42.56,69.84,46816.32,596.59
20240617132015,0.09,1006.93,42.85,66.68,46446.52,589.43
20240617133015,0.35,1006.86,42.55,64.92,40370.4,450.11
20240617134015,0.13,1006.78,41.87,68.62,35015.56,335.71
20240617135015,0.03,1006.55,41.55,71.35,37253.09,387.88
20240617140015,0.5,1006.45,40.66,74.03,28246.8,243.55
20240617141015,0.21,1006.24,37.77,91.68,19933.5,108.43
20240617142015,0.46,1006.14,37.22,97.18,19755.83,104.73
20240617143015,0.17,1005.99,36.74,98.33,17466.66,82.53
20240617144015,0.02,1005.84,36.5,100,17548.58,84.95
20240617145015,0.03,1005.75,35.93,100,16436.08,75.27
20240617150015,0.23,1005.61,35.79,100,14654.5,59.87
20240617151015,0.12,1005.49,35.75,100,14225.08,56.38
20240617152015,0.03,1005.34,35.29,100,12896.42,46.78
20240617153015,0.52,1005.3,34.48,100,12524.25,43.65
20240617154015,0.1,1005.23,34.73,100,11708.33,38.27
20240617155015,0.25,1005.24,34.68,100,12120.75,40.76
20240617160015,0.12,1005.37,34.52,100,10639.67,31.95
20240617161015,1.56,1005.42,33.64,100,6772.92,13.09
20240617162015,0.05,1005.43,33.02,100,5714.75,8.94
20240617163015,0,1005.46,32.99,100,5094.33,7.14
20240617164015,0.03,1005.45,32.9,100,3668.5,3.77
20240617165015,0.02,1005.48,32.49,100,2725.33,2.16
20240618090015,0,1008.96,37.33,100,27668,206.5
20240618091015,0,1009.02,35.41,100,25733.08,179.33
20240618092015,0,1009.14,34.71,100,24337,159.25
20240618093015,0,1009.22,33.87,100,25979.75,181.22
20240618094015,0,1009.27,33.93,100,23337.92,148.49
20240618095015,0,1009.38,33.5,100,19894,107.74
20240618130015,0.42,1007.88,38.45,98.61,46487.19,598.39
20240618131015,0.19,1007.82,37.99,99.44,49155.93,666.01
20240618132015,0.12,1007.74,40.13,90.46,50129.01,740.44
20240618133015,0,1007.62,38.85,94.15,33171.42,329.37
20240618134015,0,1007.44,38.19,97.9,47096.95,668.4
20240618135015,0,1007.45,39.94,89.92,45859.83,637.68
20240618140015,0,1007.29,36.41,99.38,18165.42,92.28
20240618141015,0,1007.21,34.07,100,18750.5,100.25
20240618142015,0,1007.06,34.33,100,22197.25,137.88
20240618143015,0,1007.16,33.96,100,19918.42,105.3
20240618144015,0,1007.28,33.53,100,16373.92,71.93
20240618145015,0.46,1007.21,32.7,100,12384.17,43.24
20240618150015,0,1007.21,32.08,100,11239,36.74
20240618151015,0,1007.15,32.1,100,12513,44.89
20240618152015,0,1007.1,31.83,100,12931.92,47.08
20240618153015,1.11,1007.17,31.44,100,11969.5,39.85
20240618154015,0.69,1007.13,31.59,100,10165.42,29.18
20240618155015,0.5,1007.17,31.2,100,8054.08,18.91
20240618160015,0,1007.1,31.29,100,8749.92,22.26
20240618161015,0.16,1007.08,30.99,100,9518.33,25.43
20240618162015,0,1007.09,31.04,100,8101.58,18.51
20240618163015,0.57,1007.16,30.67,100,6442.17,11.82
20240618164015,0.2,1007.01,30.58,100,6362.58,11.99
20240618165015,1.64,1006.93,30.84,100,8046.33,19.02
20240629090015,0,1009.47,51.53,30.11,89450.23,1579.8
20240629091015,0,1009.3,50.22,31.17,91851.76,1619.91
20240629092015,0,1009.22,48.44,33.17,93032.3,1647.96
20240629093015,0,1009.17,46.54,36.31,93276.14,1677.7
20240629094015,0,1009.17,44.96,40.32,93539.74,1697.03
20240629095015,0,1009.07,46.61,38.15,94159.66,1675.84
20240629100015,0,1008.92,46.68,37.67,97486.76,1693
20240629101015,0,1008.82,46.75,38.08,99108.08,1696.38
20240629102015,0,1008.62,46.41,39.46,97779.47,1704.3
20240629103015,0,1008.52,47.2,39.11,96973.57,1697.26
20240629104015,0,1008.49,47.51,38.78,96236.67,1684.75
20240629105015,0,1008.4,45.83,43.3,94848.58,1691.84
20240629110015,0,1008.35,44.85,48.16,94019.51,1707.23
20240629111015,0,1008.31,43.89,54.38,92258.21,1701.2
20240629112015,0,1008.24,44.46,54.29,89556.43,1663.81
20240629113015,0,1008.12,44.43,56.49,87016.19,1643.71
20240629114015,0,1008.01,43.89,59.31,83474.01,1617.64
20240629115015,0,1007.87,43.33,63.33,81020.91,1584.77
20240629120015,0,1007.77,43.2,63.83,79275.43,1545.9
20240629121015,0,1007.72,43.07,63.93,77289.7,1496.61
20240629122015,0,1007.66,43.96,60.33,75010.01,1432.81
20240629123015,0,1007.5,42.95,65.19,72833.09,1383.36
20240629124015,0,1007.51,42.76,65.74,62201.7,1082.73
20240629125015,0,1007.46,41.89,72.45,52008.84,935.77
20240629130015,0,1007.41,41.68,72.81,41879.93,566.65
20240629131015,0,1007.31,39.68,86.11,30281.17,343.57
20240629132015,0,1007.27,37.48,99.67,15960.42,65.15
20240629133015,0,1007.31,37.85,100,22410.75,131.12
20240629134015,0,1007.11,37.26,100,20925.75,114.14
20240629135015,0,1007.21,36.89,100,16962.42,76.09
20240629140015,0,1007.09,36.84,100,17741.08,84.55
20240629141015,0,1007.17,35.82,100,12533.75,42.79
20240629142015,0,1007.07,35.45,100,13946.42,51.46
20240629143015,0,1007.11,35.82,100,9267.58,23.51
20240629144015,0,1007.12,35.6,100,6813.17,11.94
20240629145015,0,1006.97,34.42,100,4078.92,4.93
20240629150015,0,1006.93,33.81,100,3378.42,3.43
20240629151015,0,1006.84,33.84,100,4042.33,4.71
20240629152015,0,1006.82,33.87,100,2412,1.64
20240629153015,0,1006.76,33.89,100,2604.75,1.94
20240629154015,0,1006.77,33.47,100,1454,0.72
20240629155015,0,1006.73,33.25,100,1537,0.73
20240629160015,0,1006.73,33.25,100,1840.92,1.01
20240629161015,0,1006.68,33.3,100,1008.42,0.47
20240629162015,0,1006.8,32.82,100,448.08,0.09
20240629163015,0,1006.89,32.37,100,319.75,0.05
20240629164015,0,1007.2,31.01,100,352,0.06
20240629165015,0,1007.54,29.83,100,495.75,0.13
20240630090015,0.28,1008.22,47.91,45.42,90529.26,1578.65
20240630091015,0,1008.18,49.78,42.73,95284.51,1630.83
20240630092015,0,1008.12,49.38,43.1,97814.5,1650.94
20240630093015,0,1008.06,51.61,38.41,88553.77,1482.33
20240630094015,0,1008.08,51.06,38.05,87297.4,1479.73
20240630095015,0,1008.06,51.99,36,100262.38,1668.89
20240630100015,0,1008,51.96,32.98,86859.86,1430.74
20240630101015,0,1007.91,48.32,40.26,85068.73,1384.12
20240630102015,0,1007.87,51.18,36.22,102179.29,1679.96
20240630103015,0,1007.78,51.02,35.11,99831.85,1649.72
20240630104015,0,1007.61,47.7,42.94,99790.52,1686.67
20240630105015,0,1007.52,46.77,48.73,100151.88,1690.2
20240630110015,0,1007.42,47.87,45.93,98109.01,1681.51
20240630111015,0,1007.4,45.42,50.75,96259.85,1696.61
20240630112015,0,1007.33,44.38,53.41,73898.64,1188.82
20240630113015,0,1007.32,42.54,62.27,84467.14,1511.79
20240630114015,0,1007.22,46.14,50.34,85500.52,1541.5
20240630115015,0.12,1007.1,49.39,37.73,84228.52,1524.7
20240630120015,0,1006.93,48.07,38.82,80549.95,1463.57
20240630121015,0.69,1006.85,46.62,43.64,58018.54,893.59
20240630122015,1.75,1006.75,46.08,45.55,73520.59,1357.88
20240630123015,1.36,1006.66,46.05,45.65,54457.88,865.18
20240630124015,1.05,1006.59,43.24,56.25,33331.45,412.4
20240630125015,0.09,1006.49,43.45,56.82,52361.5,763.09
20240630130015,0,1006.48,45.43,51.28,46777.88,619.39
20240630131015,0,1006.47,45.49,52.1,63563.37,941.99
20240630132015,0,1006.37,45.03,54.31,61165.62,919.98
20240630133015,0,1006.27,44.71,54.83,50591.37,637.29
20240630134015,0,1006.25,44.96,54.16,54629.49,738.38
20240630135015,0,1006.16,46.23,49.26,51542.28,648.34
20240630140015,0,1006.14,45.3,50.48,35238.76,391.24
20240630141015,0,1006.02,39.77,78.74,7192.58,14.61
20240630142015,1.09,1005.88,35.04,100,7122.42,13.53
20240630143015,0.13,1005.76,35.02,100,6816.17,12.81
20240630144015,0,1005.61,34.62,100,6814.67,12.96
20240630145015,0.34,1005.37,33.66,100,7275.58,14.09
20240630150015,0,1005.25,33.8,100,7376.25,14.32
20240630151015,0,1005.32,33.88,100,6552.58,11.34
20240630152015,0,1005.25,33.8,100,6159.17,9.89
20240630153015,0,1005.14,33.29,100,5709.08,8.56
20240630154015,0,1005.23,33.82,100,6175.84,9.88
20240630155015,0,1005.28,33.75,100,5058.33,6.65
20240630160015,0.16,1005.25,33.09,100,4054.83,4.18
20240630161015,0.23,1005.24,33.01,100,4075.42,4.13
20240630162015,0,1005.17,32.58,100,3605.42,3.2
20240630163015,0.11,1005.17,32.27,100,3312.34,2.54
20240630164015,0,1005.3,32.29,100,3156.33,2.27
20240630165015,0,1005.41,32.13,100,3204.66,2.2
20240701090015,0,1007.64,48.23,44.12,91517.18,1691.71
20240701091015,0.08,1007.56,49.21,40.18,95984.03,1732.24
20240701092015,0.65,1007.38,48.95,39.74,95375.79,1712.74
20240701093015,0,1007.35,49.03,39.46,97506.52,1744.88
20240701094015,0,1007.15,47.59,42.9,95180.65,1724.24
20240701095015,0,1007.07,47.44,42.97,88297.72,1578.19
20240701100015,0,1006.96,45.63,45.9,78709.59,1322.82
20240701101015,0,1006.89,43.89,53.95,71053.29,1108.11
20240701102015,0,1006.87,43.99,56.23,76104.3,1247.41
20240701103015,0,1006.8,43.69,60.77,85775.8,1522.68
20240701104015,0,1006.77,44.75,58.48,94965.56,1713.24
20240701105015,0,1006.67,46.33,53.28,99210.67,1768.34
20240701110015,0,1006.66,45.7,53.38,95589.26,1727.97
20240701111015,0,1006.53,44.54,56.7,93526.09,1697.83
20240701112015,0,1006.4,43.91,59.45,92406.27,1702.87
20240701113015,0,1006.28,44.66,56.96,90694.75,1685.3
20240701114015,0.5,1006.26,46.95,47.45,82760.65,1508.81
20240701115015,0.05,1006.13,43.57,54.32,49203.74,695.06
20240701120015,0.38,1006.02,44.68,52.56,76153.54,1369.39
20240701121015,0.24,1005.86,44.68,48.57,67438.88,1120.23
20240701122015,0.49,1005.68,46.38,43.91,79273.27,1472
20240701123015,0.11,1005.47,45.56,45.72,74223.33,1336.99
20240701124015,0.33,1005.34,46.54,42.08,73391.74,1290.04
20240701125015,0.59,1005.3,45.62,45.37,71497.66,1190.05
20240701130015,0.78,1005.2,46.04,45.1,69544.27,1119.84
20240701131015,1.19,1005.14,45.08,47.42,66404.41,1059.51
20240701132015,1.25,1005.09,47.19,43.11,60101.15,922.6
20240701133015,1.68,1005.03,47.82,38.02,50952.37,670.39
20240701134015,1.03,1004.94,46.22,40.63,51773.18,689.4
20240701135015,0.27,1004.87,45.49,45.4,45984.89,543.66
20240701140015,0.99,1004.8,45.4,48.76,32656.67,365.71
20240701141015,0,1004.82,40.08,79.84,6948.5,13.22
20240701142015,0,1004.81,36.98,100,6877.42,12.77
20240701143015,0,1004.85,36.81,100,9717.25,26.29
20240701144015,1.54,1004.77,36.21,100,7422.75,14.41
20240701145015,0.73,1004.73,35.71,100,7713.75,15.9
20240701150015,0.2,1004.82,36.14,100,8496.58,19.9
20240701151015,0,1004.83,35.72,100,6649.83,10.85
20240701152015,0.24,1004.8,35.16,100,5772.42,9.58
20240701153015,0,1004.81,35.39,100,7490,14.15
20240701154015,0.55,1004.89,35.31,100,5508.33,7.06
20240701155015,0,1004.84,34.76,100,5782.75,7.61
20240701160015,0,1004.87,34.74,100,6196.25,9.07
20240701161015,0,1004.96,34.46,100,5773.25,7.45
20240701162015,0,1005.05,34.18,100,6576.08,10.05
20240701163015,0,1005.17,34.3,100,6546.83,10.1
20240701164015,0.13,1005.13,33.9,100,5151.92,6.02
20240701165015,0,1005.15,33.55,100,4776.5,5.52
20240703090015,0,1014.38,46.69,44.78,44342.25,485.72
20240703091015,0,1014.43,47.05,42.34,87614.37,1529.08
20240703092015,0,1014.38,46.37,43.95,52598.19,699.32
20240703093015,0,1014.35,48.28,40.31,101432.99,1779.18
20240703094015,0,1014.3,48.92,37.77,100729.39,1741.52
20240703095015,0,1014.24,47.06,41.94,102589.88,1780.43
20240703100015,0,1014.27,46.6,43.79,106406.26,1802.72
20240703101015,0,1014.19,45.53,48.04,89348.71,1477.36
20240703102015,0,1014.09,41.85,65.62,51952.33,600.98
20240703103015,0,1014.02,39.57,80.2,31748.17,227.39
20240703104015,0,1014.01,40.04,80.2,67498.82,1063.6
20240703105015,0,1013.93,43.87,59.93,94172.42,1652.14
20240703110015,0,1013.82,45.47,51.96,102221.34,1791.36
20240703111015,0,1013.74,45.57,50.34,98812.84,1736.54
20240703112015,0,1013.78,46.09,48.69,96397.67,1700
20240703113015,0,1013.74,46.05,48.99,93513.87,1677.62
20240703114015,0,1013.67,45.54,51.26,89984.62,1656.35
20240703115015,0,1013.53,45.56,53.23,87754.98,1624.74
20240703120015,0,1013.48,44.6,55.19,85600.61,1592.42
20240703121015,0,1013.36,43.76,59.72,83225.14,1543.13
20240703122015,0,1013.28,44.32,59.94,81129.8,1488.57
20240703123015,0,1013.18,45.14,56.46,78451.38,1418.21
20240703124015,0,1013.1,45.31,55.87,76855.76,1344.07
20240703125015,0,1013.08,44.56,57.56,75260.67,1261.49
20240703130015,0,1013.03,44.4,59.06,72640.29,1170.41
20240703131015,0,1013.02,45.25,56.87,67851.62,1062.81
20240703132015,0,1013.04,44.51,57.54,62553.35,964.36
20240703133015,0,1012.94,44.39,59.29,58477.86,853.43
20240703134015,0,1012.84,45.83,52.98,55863.22,769.13
20240703135015,0,1012.72,46.1,51.48,52286.66,667.34
20240703140015,0,1012.69,44.69,54.43,31762.22,358.96
20240703141015,0,1012.58,38.74,90.14,4855.75,7
20240703142015,0,1012.56,36.53,100,8438.17,19.41
20240703143015,0,1012.52,35.81,100,5159.25,7.84
20240703144015,0,1012.52,35.17,100,3840.25,4.3
20240703145015,0,1012.52,34.89,100,3734.75,4.03
20240703150015,0,1012.48,34.84,100,3471.17,3.42
20240703151015,0,1012.53,34.72,100,3434.83,3.42
20240703152015,0,1012.44,34.41,100,3329.08,3.22
20240703153015,0,1012.3,34.19,100,3302.75,2.94
20240703154015,0,1012.17,34.05,100,3382,2.87
20240703155015,0,1012.12,33.87,100,3626.67,3.16
20240703160015,0,1012.22,34.12,100,5073.92,6.93
20240703161015,0,1012.24,34.21,100,4203.33,4.94
20240703162015,0,1012.17,33.91,100,2806.83,1.8
20240703163015,0,1012.17,33.49,100,2681.08,1.54
20240703164015,0,1012.14,33.24,100,2481.33,1
20240703165015,0,1012.03,33.15,100,2482.25,1.2
20240705090015,0,1010.73,48.64,37.36,92996.07,1624.97
20240705091015,0,1010.68,48.61,38.31,96099.07,1653.31
20240705092015,0,1010.76,48.06,41.07,97531.86,1668.55
20240705093015,0,1010.74,49.86,37.22,98575.12,1655.72
20240705094015,0,1010.73,50.07,36.59,98864.95,1661.62
20240705095015,0,1010.78,47.16,43.16,99888.63,1699.96
20240705100015,0,1010.74,48.57,39.96,102820.95,1694.31
20240705101015,0,1010.66,47.51,42.32,103211.95,1704.12
20240705102015,0,1010.55,47.58,42.61,103059.4,1702.55
20240705103015,0,1010.46,46.53,47.19,101545.59,1712.81
20240705104015,0,1010.4,46.49,48.37,101300.8,1711.72
20240705105015,0,1010.33,46.02,51.17,101261.09,1710.01
20240705110015,0,1010.34,46.86,49.43,99985.48,1699.81
20240705111015,0,1010.31,46.53,49.03,98897.66,1709.02
20240705112015,0,1010.13,45.9,51.64,96506.38,1697.77
20240705113015,0,1010.11,46.43,50.28,93750.34,1671.94
20240705114015,0,1010.03,47,48.02,90307.34,1644.15
20240705115015,0,1009.91,47.34,45.4,87898.81,1610.9
20240710130015,0,1007.98,44.68,58.85,65772.73,1139.3
20240710131015,0,1007.85,45.05,55.46,68885.72,1052.32
20240710132015,0,1007.75,44.28,58.74,62922.61,946.71
20240710133015,0,1007.6,44.48,57.44,58629.51,852.99
20240710134015,0,1007.49,44.4,57.7,55213.83,758.59
20240710135015,0,1007.46,45.02,55.36,51526.47,655.49
20240710140015,0,1007.39,43.32,64.07,9790.18,70.16
20240710141015,0,1007.19,37.91,99.77,6913.33,13.62
20240710142015,0,1007.07,36.69,100,6066.75,9.51
20240710143015,0,1007.22,36.58,100,9275.92,22.14
20240710144015,0,1007.31,36.59,100,14266.08,48.08
20240710145015,0,1007.42,36.75,100,10661,26.65
20240710150015,0,1007.23,35.42,100,4868.75,5.58
20240710151015,0,1006.99,34.72,100,3668.92,3.87
20240710152015,0,1007.04,34.57,100,3485.67,3.42
20240710153015,0,1007,34.38,100,3165.75,2.68
20240710154015,0,1006.92,33.99,100,3012.5,2.01
20240710155015,0,1007.2,34.03,100,3548.08,2.53
20240710160015,0,1007.26,33.68,100,2808.58,1.48
20240710161015,0,1007.22,33.54,100,2770,1.44
20240710162015,0,1007.25,33.52,100,2772.67,1.54
20240710163015,0,1007.32,33.28,100,2019.58,0.72
20240710164015,0,1007.41,33.08,100,2002.58,0.75
20240710165015,0,1007.41,32.81,100,1908.92,0.65
20240711090015,0,1007.29,48.97,36.91,88875.23,1654.86
20240711091015,0,1007.29,46.76,44.99,90025.23,1669.69
20240711092015,0,1007.21,46.6,47.45,97850.62,1728.66
20240711093015,0,1007.01,47.11,45.1,99666.18,1734.46
20240711094015,0,1006.92,46.89,43.26,99337.89,1747.56
20240711095015,0,1006.78,46.56,45.39,101525.59,1756.92
20240711100015,0,1006.72,46.42,46.09,103405.3,1757.54
20240711101015,0.05,1006.68,45.86,49.86,104773.98,1768.82
20240711102015,0,1006.61,44.9,54.28,104723.66,1782.11
20240711103015,0,1006.47,44.64,55.01,102436.24,1777.01
20240711104015,0,1006.4,45.37,54.63,102311.54,1758.7
20240711105015,0.02,1006.3,44.18,61.35,102065.37,1768.32
20240711110015,0.12,1006.18,43.78,64.8,100383.49,1760
20240711111015,0.06,1006.06,44.1,64.95,97761.5,1744.79
20240711112015,0.05,1005.97,43.56,68.91,94071.8,1730.91
20240711113015,0.06,1005.91,43.54,69.82,91732.27,1716.94
20240711114015,0.05,1005.82,42.98,74.21,86897.77,1662.03
20240711115015,0.09,1005.75,43.12,75.2,74974.44,1466.48
20240711120015,0.25,1005.65,43.28,73.55,82191.58,1579.82
20240711121015,0.06,1005.59,43.17,73.2,78505.65,1454.57
20240711122015,0.03,1005.6,43.03,75.06,64764.41,1147.3
20240711123015,0.05,1005.66,43.33,73.73,77883.93,1439.93
20240711124015,0.04,1005.58,44.03,69.02,76773.46,1358.76
20240711125015,0.08,1005.52,43.58,71.36,73654.27,1242.28
20240711130015,0.03,1005.39,43.18,73.11,70517.1,1160.34
20240711131015,0.16,1005.31,42.91,75.19,65084.97,1036.77
20240711132015,0.1,1005.28,43.37,72.29,61082.96,957.74
20240711133015,0.07,1005.29,42.86,73.99,57980.84,879.24
20240711134015,0.07,1005.32,43.03,73.36,52683.65,718.82
20240711135015,0,1005.27,43.17,72.78,48597.56,623.52
20240711140015,0.12,1005.25,40.72,84.46,6873.83,32.89
20240711141015,0.07,1005.13,36.11,100,4660.5,6.07
20240711142015,0,1005.05,35.67,100,5276.83,7.94
20240711143015,0.02,1004.96,35.29,100,6329,10.46
20240711144015,0,1004.93,35.26,100,6477,12.19
20240711145015,0.03,1004.9,35.25,100,6185,11.31
20240711150015,0,1004.83,35.27,100,7081.25,14.43
20240711151015,0.02,1004.89,34.94,100,6840.75,13.17
20240711152015,0.04,1004.87,34.76,100,5635.42,8.82
20240711153015,0.06,1004.87,34.45,100,5809.67,9.2
20240711154015,0,1004.97,34.74,100,9869.58,25.48
20240711155015,0.03,1005.02,35.04,100,10785.58,28.41
20240711160015,0,1005.12,34.66,100,9316.5,21.45
20240711161015,0,1005.08,34.38,100,8360.42,18.14
20240711162015,0,1005.13,34.71,100,9994.08,27.28
20240711163015,0,1005.24,35.22,100,10124.67,28.53
20240711164015,0.02,1005.36,34.9,100,7232,14.29
20240711165015,0,1005.5,34.6,100,6480.83,11.47
20240712090015,0,1005.25,45.45,56.12,79278.3,1371.97
20240712091015,0,1005.16,46.46,53.91,94691.54,1678.97
20240712092015,0,1005.11,46.97,52.76,94979.94,1662.27
20240712093015,0,1005.04,46.19,57.44,79158.63,1312.27
20240712094015,0,1005.06,45.43,60.86,87701.34,1539.22
20240712095015,0,1005.05,45.51,61.53,82509.09,1390.48
20240712100015,0,1005.06,43.71,69.76,88015.97,1533.94
20240712101015,0,1005.07,44.82,63.88,91979.69,1606.78
20240712102015,0,1005.07,44.1,68.21,80424.89,1356.42
20240712103015,0,1005,44.25,65.98,92407.89,1676.93
20240712104015,0,1004.9,44.9,61.72,90042.12,1607.7
20240712105015,0,1004.93,45.44,58.08,87130.83,1524.89
20240712110015,0,1004.85,42.98,68.73,94620.02,1721.09
20240712111015,0,1004.78,43.84,66.28,89715.27,1640.96
20240712112015,0,1004.76,44.31,63.52,80549.6,1457
20240712113015,0,1004.67,44.31,62.2,79070.94,1464.45
20240712114015,0.02,1004.51,46.99,50.68,85050.05,1626.2
20240712115015,0,1004.42,47.46,46.96,84574.59,1619.91
20240712120015,0,1004.37,47.47,47.91,62678.29,1014.29
20240712121015,0,1004.28,45.8,52.58,70507.58,1290.96
20240712122015,0,1004.23,47.65,47.4,72005.99,1322.96
20240712123015,0,1004.12,48,43.57,66114.94,1102.97
20240712124015,0,1004.02,45.09,56.11,62249.69,973.35
20240712125015,0,1004.02,47.74,48.68,71606.01,1187.23
20240712130015,0,1004.03,46.21,52.96,55860.89,887.23
20240712131015,0,1004.04,43.47,65.85,31246.33,331.96
20240712132015,0,1004.04,43.48,67.97,49765.51,669.38
20240712133015,0,1004.11,43.07,66.07,30001.84,248.21
20240712134015,0,1004.1,42.73,70.48,41806.9,458.19
20240712135015,0,1004.1,44.89,60.69,41723.14,475.36
20240712140015,0,1004.06,43.46,66.1,18275.58,91.2
20240712141015,0,1004.05,40.34,83.66,11780.42,40.69
20240712142015,0,1004.14,37.94,99.17,9847.83,25.14
20240712143015,0,1004.13,37.19,100,9734.08,24.89
20240712144015,0,1004.05,36.92,100,11110.58,33.4
20240712145015,0,1004.08,37.58,100,10799,31.11
